data shape is:
249 6
kp = [array([ 5, 83, 99, 89, 74, 91]), array([ 12,  79, 183, 133,  70, 113]), array([  6,  98,  89, 133,  69,  79]), array([ 12, 109, 135, 158, 123,  92]), array([ 14, 163,  69,  94, 188, 143]), array([  5, 114,  83,  65, 114, 102]), array([ 12,  89, 178,  89,  79, 153]), array([  8,  93, 119,  99,  89, 138]), array([ 20, 188,  94,  94, 223, 153]), array([ 18, 128, 163, 173, 133, 130])]
kpp = [[ 18 147 144 129 149 144]
 [  6  83 103  98  99  90]
 [ 14  84 178 138  87 116]
 [ 20 162  94 144 198 135]
 [  8 123  64  93 148  90]
 [  6  89 108 128 116  81]
 [  8  79 143 113  69 109]
 [ 22 129 188 109 104 198]
 [ 22 124 168 208 148 124]
 [ 25 114 238 124 104 178]]
approx kpp = [[  5.  83.  99.  89.  74.  91.]
 [ 12. 128. 124. 114. 111. 126.]
 [ 12.  84. 150. 128. 104. 102.]
 [ 12. 148.  69. 104. 168. 114.]
 [ 18.  99. 203. 129.  94. 158.]
 [  2.  77.  79.  69.  68.  95.]
 [  2.  62.  76.  76.  69.  68.]
 [  2.  50.  97.  87.  50.  75.]
 [  2.  68.  77.  95.  76.  61.]
 [  2.  98.  54.  59.  95.  86.]]
======Testing of K means criterion=========
Algorithm 1: 2098.5020080321283
Scikit k++: 1989.9477911646586
Algorithm 3: 2662.1807228915663
kp = [array([ 4, 93, 85, 79, 85, 91]), array([ 5, 69, 93, 93, 81, 79]), array([  8,  64, 155, 118,  64,  97]), array([ 14, 133, 124, 119, 124, 168]), array([ 22, 114, 228, 119,  99, 168]), array([  6,  59, 148, 125,  59,  97]), array([  8, 108, 109,  94,  99, 138]), array([  6,  59, 148, 125,  59,  97]), array([ 14, 138, 119, 119, 124, 158]), array([ 12, 123, 124, 109, 129, 143]), array([ 14, 113, 148,  99, 148, 110]), array([ 14, 143,  98, 119, 163, 105]), array([  5,  93,  94,  79,  79, 113]), array([  8,  94, 128,  89, 128,  99]), array([ 14, 113, 148,  99, 148, 110]), array([ 22, 203,  99, 104, 223, 173]), array([  5,  79,  93, 118,  90,  72]), array([  4,  87,  89,  76,  89, 111]), array([  8, 108, 109, 104,  79, 133]), array([  5,  69, 133,  74,  54, 101]), array([  5,  79,  93, 118,  90,  72]), array([ 12,  79, 183, 133,  70, 113]), array([  4, 105,  52,  75, 113,  78]), array([ 18,  99, 193, 158,  99, 144]), array([ 18,  88, 178, 178,  89, 140])]
kpp = [[ 18 143 139 119 139 203]
 [  5  79  93 118  90  72]
 [ 12  84 150 128 104 102]
 [ 12 168  69  84 198 133]
 [ 12 128 122 134 109 120]
 [ 20 120 193 104 148 138]
 [ 25 114 238 124 104 178]
 [ 18 128 163 173 133 130]
 [  5 128  53  74 117 105]
 [  8 108 109 104  79 133]
 [ 18 173  84  99 193 158]
 [  5  74 130  74  53 101]
 [ 18  83 218 163  74 140]
 [ 12 138  86 114 158 102]
 [  8  89 143  84  64 118]
 [  5  59 118 108  63  85]
 [ 20 114 203 109  84 158]
 [ 18 147 144 129 149 144]
 [  8  79 143 113  69 109]
 [  4  79 103  68 103  85]
 [  8  94 140  89 118  92]
 [ 12 123 124 109 114 168]
 [ 12  89 163  99  79 143]
 [ 18  94 188 148  99 139]
 [  3  64  82  82  75  69]]
approx kpp = [[  4.  93.  85.  79.  85.  91.]
 [  8.  84. 108. 113.  93.  90.]
 [  8. 108. 109.  94.  99. 138.]
 [  6.  69. 138. 113.  79.  99.]
 [ 18.  83. 198. 163.  84. 140.]
 [ 12.  89. 128. 148. 111. 102.]
 [  2.  68.  77.  95.  76.  61.]
 [  4. 118.  59.  69. 119.  97.]
 [  5.  74. 130.  74.  53. 101.]
 [ 22. 178.  89. 114. 203. 139.]
 [ 22. 114. 213. 129.  94. 178.]
 [ 20. 143. 139. 139. 139. 148.]
 [ 18. 114. 153. 178. 138. 124.]
 [ 12. 148.  69. 104. 168. 114.]
 [  2.  77.  79.  69.  68.  95.]
 [  2.  62.  76.  76.  69.  68.]
 [  2.  50.  97.  87.  50.  75.]
 [  2.  98.  54.  59.  95.  86.]
 [  3.  52. 109.  93.  52.  76.]
 [  3.  64.  85.  82.  73.  69.]
 [  3.  54. 107.  92.  54.  76.]
 [  3.  64. 108.  64.  54.  93.]
 [  3.  86.  76.  74.  74. 103.]
 [  3. 107.  54.  64. 103.  94.]
 [  3. 103.  60.  63. 102.  93.]]
======Testing of K means criterion=========
Algorithm 1: 1673.987951807229
Scikit k++: 1047.1767068273093
Algorithm 3: 1274.6305220883535
kp = [array([  8,  74, 148, 118,  64, 104]), array([ 4, 74, 87, 87, 79, 79]), array([  4,  71, 123,  64,  59, 102]), array([  6,  59, 148, 125,  59,  97]), array([ 12, 123, 124, 109, 129, 143]), array([ 12,  89, 158,  89,  89, 158]), array([ 4, 93, 82, 79, 79, 90]), array([  8,  94, 140,  89, 118,  92]), array([  6,  69, 153, 113,  59,  99]), array([  6,  69, 153, 113,  59,  99]), array([  6, 123,  68,  89, 128,  90]), array([ 10,  97, 123, 108, 119, 111]), array([ 12, 123, 104, 104, 134, 153]), array([  5,  74, 123,  69,  61, 101]), array([  4,  79, 103,  68, 103,  85]), array([  4,  79, 103,  68, 103,  85]), array([  4,  79, 103,  68, 103,  85]), array([  6,  98,  89, 133,  79,  79]), array([  6,  74, 109, 103,  89,  88]), array([  8, 123,  64,  93, 148,  90]), array([  6,  99,  84, 138,  69,  83]), array([ 14, 163,  69,  94, 188, 143]), array([ 14, 133, 124, 119, 124, 168]), array([ 5, 93, 89, 74, 89, 93]), array([ 14, 133, 124, 119, 124, 168]), array([  6, 123,  68,  89, 128,  90]), array([ 10, 113, 111, 153,  84,  97]), array([  6, 118,  64, 101, 133,  92]), array([ 14, 113, 148,  99, 148, 110]), array([  3, 107,  54,  64, 103,  94]), array([  8, 143,  69,  79, 143, 123]), array([  6, 148,  64,  74, 138, 128]), array([  8,  84, 118, 102,  94,  90]), array([  6,  98, 104, 109,  91, 101]), array([ 22, 129, 188, 109, 104, 198]), array([  8,  84, 138,  89,  69, 123]), array([  8,  79, 143, 113,  69, 109]), array([ 14,  84, 173, 143,  69, 110]), array([ 22, 129, 188, 109, 104, 198]), array([ 18,  99, 228, 104,  84, 163]), array([  3,  52, 109,  93,  52,  76]), array([  8,  74, 153, 118,  59,  99]), array([ 22, 128, 158, 183, 158, 130]), array([ 20,  98, 193, 163,  99, 140]), array([ 10, 113,  89, 168,  89,  89]), array([ 12,  93, 123, 123, 124, 100]), array([ 22, 184,  84, 129, 233, 133]), array([ 12,  79, 183, 133,  70, 113]), array([ 20, 162,  94, 144, 198, 135]), array([ 12,  93, 128, 118, 119, 100])]
kpp = [[  4  51 115 110  51  84]
 [ 12 148  69 104 168 114]
 [ 20 124 178 104 158 174]
 [ 12 123 129 139  99 143]
 [  4  93  79  74  92  90]
 [ 14  79 203 153  69 119]
 [ 14 163  69  94 188 143]
 [ 22 114 228 119  99 168]
 [  6  89 108 128 116  81]
 [ 22 128 158 183 158 130]
 [  8  84 143  74  74 133]
 [ 20 162  94 144 198 135]
 [  4  74  87  87  79  79]
 [ 10 113  89 168  89  89]
 [ 14 138 119 119 124 158]
 [ 22 203  99 104 223 173]
 [  8 108 109  94  99 138]
 [  8  64 155 118  64  97]
 [  8  94 133  84 125  97]
 [ 18  83 198 163  84 140]
 [ 14  84 161 153  84 116]
 [ 12 104 123 163 128  89]
 [  6 118  64 101 133  92]
 [  6  99  84 138  69  83]
 [ 20 114 198 124 114 153]
 [ 14  94 178 109  69 143]
 [ 18 143 154 129 129 178]
 [ 20 143 149 139 159 143]
 [  5  74 130  74  53 101]
 [ 18 128 114 168 124 124]
 [  8 138  74  79 143 118]
 [ 18 178  94 114 188 173]
 [  6  74 109 103  89  88]
 [  4 118  59  69 119  97]
 [ 25 129 318  94  89 188]
 [ 22 144 173 134 173 149]
 [ 22 178  89 114 203 139]
 [ 25 153 159 129 139 218]
 [  4  91  66 110  69  71]
 [  6 103 109  99  89 108]
 [ 25  84 247 168 109 140]
 [ 18 114 144 213 133 128]
 [ 22  90 188 163 109 138]
 [ 18 114 153 178 138 124]
 [  4 101  61  76 113  78]
 [ 22 129 188 109 104 198]
 [ 14  94 163  99  94 153]
 [ 22 153 144 139 144 193]
 [ 12  94 137 148 113 100]
 [  4  76  92 111  90  71]]
approx kpp = [[  4.  93.  85.  79.  85.  91.]
 [  8.  74. 148. 118.  64. 104.]
 [  6.  99.  84. 138.  69.  83.]
 [  5.  74. 130.  74.  53. 101.]
 [  6.  74. 109. 103.  89.  88.]
 [  8. 108.  99.  94.  94. 138.]
 [ 14.  84. 168. 148.  80. 113.]
 [  6. 118.  64.  99. 134.  88.]
 [  3.  64.  85.  82.  73.  69.]
 [  4.  93.  84.  75.  84. 112.]
 [  8. 138.  74.  79. 143. 118.]
 [ 12. 104. 123. 163. 128.  89.]
 [  4.  51. 115. 110.  51.  84.]
 [  8.  84. 138.  89.  69. 123.]
 [ 20.  98. 193. 163.  99. 140.]
 [ 12.  89. 163.  99.  79. 143.]
 [  3. 107.  54.  64. 103.  94.]
 [ 18. 114. 153. 178. 138. 124.]
 [  6.  84. 113. 141.  98.  81.]
 [ 18. 163.  84. 129. 193. 139.]
 [ 14. 138. 119. 119. 124. 158.]
 [ 20. 143. 149. 139. 159. 143.]
 [ 12.  93. 128. 118. 119. 100.]
 [ 20. 188.  94. 104. 208. 158.]
 [ 22. 114. 228. 119.  99. 168.]
 [ 12. 148.  69. 104. 168. 114.]
 [ 14. 133. 139. 124. 109. 128.]
 [ 18. 104. 193. 114.  99. 173.]
 [ 22. 153. 144. 139. 144. 193.]
 [ 18. 128. 114. 168. 124. 124.]
 [  2.  77.  79.  69.  68.  95.]
 [  2.  62.  76.  76.  69.  68.]
 [  2.  50.  97.  87.  50.  75.]
 [  2.  68.  77.  95.  76.  61.]
 [  2.  98.  54.  59.  95.  86.]
 [  3.  52. 109.  93.  52.  76.]
 [  3.  54. 107.  92.  54.  76.]
 [  3.  64. 108.  64.  54.  93.]
 [  3.  86.  76.  74.  74. 103.]
 [  3. 103.  60.  63. 102.  93.]
 [  3.  64.  82.  82.  75.  69.]
 [  3.  93.  54.  74. 103.  69.]
 [  3.  63.  82.  81.  78.  69.]
 [  3.  82.  79.  75.  75.  82.]
 [  5.  59. 131. 103.  54.  86.]
 [  5.  56. 124. 108.  56.  85.]
 [  4.  85.  67. 111.  65.  72.]
 [  5. 114.  83.  65. 114. 102.]
 [  4.  93.  82.  79.  79.  90.]
 [  4. 105.  52.  75. 113.  78.]]
======Testing of K means criterion=========
Algorithm 1: 948.9477911646586
Scikit k++: 456.28915662650604
Algorithm 3: 624.6265060240963
kp = [array([  8,  74, 148, 118,  64, 104]), array([ 4, 74, 87, 87, 79, 79]), array([  4,  71, 123,  64,  59, 102]), array([  6,  59, 148, 125,  59,  97]), array([ 12, 123, 124, 109, 129, 143]), array([ 12,  89, 158,  89,  89, 158]), array([ 4, 93, 82, 79, 79, 90]), array([  8,  94, 140,  89, 118,  92]), array([  6,  69, 153, 113,  59,  99]), array([  6,  69, 153, 113,  59,  99]), array([  6, 123,  68,  89, 128,  90]), array([ 10,  97, 123, 108, 119, 111]), array([ 12, 123, 104, 104, 134, 153]), array([  5,  74, 123,  69,  61, 101]), array([  4,  79, 103,  68, 103,  85]), array([  4,  79, 103,  68, 103,  85]), array([  4,  79, 103,  68, 103,  85]), array([  6,  98,  89, 133,  79,  79]), array([  6,  74, 109, 103,  89,  88]), array([  8, 123,  64,  93, 148,  90]), array([  6,  99,  84, 138,  69,  83]), array([ 14, 163,  69,  94, 188, 143]), array([ 14, 133, 124, 119, 124, 168]), array([ 3, 64, 85, 82, 73, 69]), array([  4,  51, 115, 110,  51,  84]), array([  5,  65, 128,  79,  56, 101]), array([ 3, 64, 82, 82, 75, 69]), array([  5,  59, 131, 103,  54,  86]), array([  5,  56, 124, 108,  56,  85]), array([ 5, 83, 99, 89, 74, 91]), array([ 5, 83, 99, 89, 74, 91]), array([  5,  69, 133,  74,  54, 101]), array([  5, 128,  53,  74, 117, 105]), array([ 5, 69, 93, 93, 81, 79]), array([  4,  88,  69, 108,  71,  77]), array([  4,  88,  69, 108,  71,  77]), array([  4,  91,  66, 110,  69,  71]), array([  5,  65, 103,  90,  80,  79]), array([  5,  74, 130,  74,  53, 101]), array([  8, 118, 104,  94,  94, 118]), array([  8,  94, 128,  89, 128,  99]), array([  8,  94, 128,  89, 128,  99]), array([  6,  84, 108, 138, 103,  79]), array([  8, 138,  59,  84, 138, 128]), array([  8,  74, 148, 118,  64, 104]), array([  6,  99, 104, 128,  64,  78]), array([  8,  94, 133,  84, 125,  97]), array([ 12, 128, 122, 134, 109, 120]), array([ 14, 133, 124, 119, 124, 168]), array([ 10,  97, 123, 108, 119, 111]), array([ 18, 104, 193, 114,  99, 173]), array([  8,  84, 108, 113,  93,  90]), array([  8, 118,  94,  99,  99, 143]), array([  3,  64, 108,  64,  54,  93]), array([ 12, 138,  86, 114, 158, 102]), array([ 14,  84, 168, 148,  80, 113]), array([ 18,  99, 228, 104,  84, 163]), array([  4,  76,  92, 111,  90,  71]), array([ 14,  84, 168, 148,  80, 113]), array([ 10, 165,  64,  94, 173,  97]), array([ 12, 168,  69,  84, 198, 133]), array([  3,  64, 108,  64,  54,  93]), array([  6,  69, 153, 113,  59,  99]), array([  3,  64, 108,  64,  54,  93]), array([ 12, 133, 104, 119, 129, 133]), array([ 20, 188,  94, 104, 208, 158]), array([  5,  65, 103,  90,  80,  79]), array([ 12, 115,  94, 163, 109,  92]), array([ 14,  84, 168, 148,  80, 113]), array([ 5, 69, 93, 93, 81, 79]), array([ 12,  94, 137, 148, 113, 100]), array([ 10, 165,  64,  94, 173,  97]), array([ 2, 98, 54, 59, 95, 86]), array([  5,  59, 118, 108,  63,  85]), array([  5,  88,  99,  79,  83, 114])]
kpp = [[  6  84 131 128  93  81]
 [ 22 148 149 154 149 148]
 [ 18 173  84  99 193 158]
 [  4 101  61  76 113  78]
 [ 18  99 203 129  94 158]
 [  8  84 138  89  69 123]
 [ 12 128 122 134 109 120]
 [  3  52 109  93  52  76]
 [  8 138  74  79 143 118]
 [ 18  94 188 148  99 139]
 [  4  91  66 110  69  71]
 [  8 108 109 104  79 133]
 [  8  94 140  89 118  92]
 [  5  88  99  79  83 114]
 [ 12 104 130 178 118  92]
 [ 22 128 158 183 158 130]
 [ 22 153 144 139 144 193]
 [ 12 123 124 109 129 143]
 [ 25 129 318  94  89 188]
 [ 18 163  84 129 193 139]
 [  8  79 143 113  69 109]
 [ 12  89 178  89  79 153]
 [  5  65 103  90  80  79]
 [ 14  84 178 138  87 116]
 [ 14 143  98 119 163 105]
 [ 20 178  89 154 198 183]
 [  3  64 108  64  54  93]
 [  6  98  79 138  79  79]
 [ 18  99 228 104  84 163]
 [ 22 133 183 114 183 140]
 [ 10 113  89 168  89  89]
 [ 18  83 198 163  84 140]
 [ 16 137 104 173 109 130]
 [ 22 120 168 158 144 133]
 [ 18 114 144 213 133 128]
 [  6 118  64 101 133  92]
 [  6  83 103  98  99  90]
 [ 18 178 129 104 183 163]
 [ 18 104 193 114  99 173]
 [ 12 153  74  94 163 158]
 [  4  93  82  79  79  90]
 [ 12 168  69  84 198 133]
 [  2  62  76  76  69  68]
 [ 25 173  89 124 233 158]
 [ 10 165  64  94 173  97]
 [  4 118  59  69 119  97]
 [ 12  94 137 148 113 100]
 [ 18 139 148 129 129 168]
 [ 14 135  84 158 139  92]
 [  8 108  99  94  94 138]
 [ 25  84 247 168 109 140]
 [ 18 198  64  89 203 153]
 [ 12 109 148  94 133 119]
 [  5  56 124 108  56  85]
 [ 10  97 123 108 119 111]
 [  5  74 130  74  53 101]
 [  5  79  93 118  90  72]
 [  6  84 108 138 103  79]
 [ 20 188  94  94 223 153]
 [ 14 133 124 119 124 168]
 [  6  59 148 125  59  97]
 [ 22 114 213 129  94 178]
 [ 18 128 134 188  89 124]
 [ 22 144 173 134 173 149]
 [ 18 114 153 178 138 124]
 [ 20 124 178 104 158 174]
 [ 25 153 159 129 139 218]
 [ 18  88 178 178  89 140]
 [ 12 108 113 133 114 100]
 [ 12  79 158 148  69 119]
 [  2  98  54  59  95  86]
 [  4  79 103  68 103  85]
 [ 22 129 188 109 104 198]
 [ 22 178  89 114 203 139]
 [ 22 143 124 208 134 124]]
approx kpp = [[  4.  85.  67. 111.  65.  72.]
 [  4.  93.  85.  79.  85.  91.]
 [  3.  64.  82.  82.  75.  69.]
 [  8.  74. 148. 118.  64. 104.]
 [  5.  56. 124. 108.  56.  85.]
 [  5.  74. 123.  69.  61. 101.]
 [  6.  79. 113. 106.  87.  88.]
 [  6.  98.  79. 138.  79.  79.]
 [  4.  87.  89.  76.  89. 111.]
 [  8. 108. 109.  89.  89. 143.]
 [ 14.  84. 168. 148.  80. 113.]
 [  6. 118.  64.  99. 134.  88.]
 [  8. 143.  69.  79. 143. 123.]
 [ 20.  98. 193. 163.  99. 140.]
 [  6.  84. 108. 138. 103.  79.]
 [  4. 101.  61.  76. 113.  78.]
 [ 12. 104. 123. 163. 128.  89.]
 [ 14. 133. 124. 119. 124. 168.]
 [  8.  84. 138.  89.  69. 123.]
 [ 18. 114. 153. 178. 138. 124.]
 [  3. 107.  54.  64. 103.  94.]
 [ 12.  89. 163.  99.  79. 143.]
 [ 22. 114. 228. 119.  99. 168.]
 [ 22. 148. 149. 154. 149. 148.]
 [  6. 103. 109.  99.  89. 108.]
 [ 12.  93. 123. 123. 124. 100.]
 [ 18. 163.  84. 129. 193. 139.]
 [ 20. 188.  94. 104. 208. 158.]
 [ 12. 148.  69. 104. 173. 138.]
 [ 12. 123. 124. 109. 129. 143.]
 [ 18. 104. 193. 114.  99. 173.]
 [ 14. 133. 139. 124. 109. 128.]
 [ 22. 153. 144. 139. 144. 193.]
 [ 14. 143.  98. 119. 163. 105.]
 [  8.  94. 128.  89. 128.  99.]
 [ 22. 133. 183. 114. 183. 140.]
 [ 12. 115.  94. 163. 109.  92.]
 [  2.  77.  79.  69.  68.  95.]
 [  2.  62.  76.  76.  69.  68.]
 [  2.  50.  97.  87.  50.  75.]
 [  2.  68.  77.  95.  76.  61.]
 [  2.  98.  54.  59.  95.  86.]
 [  3.  52. 109.  93.  52.  76.]
 [  3.  64.  85.  82.  73.  69.]
 [  3.  54. 107.  92.  54.  76.]
 [  3.  64. 108.  64.  54.  93.]
 [  3.  86.  76.  74.  74. 103.]
 [  3. 103.  60.  63. 102.  93.]
 [  3.  93.  54.  74. 103.  69.]
 [  3.  63.  82.  81.  78.  69.]
 [  3.  82.  79.  75.  75.  82.]
 [  5.  59. 131. 103.  54.  86.]
 [  5. 114.  83.  65. 114. 102.]
 [  4.  93.  82.  79.  79.  90.]
 [  4. 105.  52.  75. 113.  78.]
 [  5.  69. 118.  74.  66. 101.]
 [  4.  71. 123.  64.  59. 102.]
 [  5.  88.  94.  81.  79.  91.]
 [  5.  83.  99.  89.  74.  91.]
 [  5.  69. 133.  74.  54. 101.]
 [  5. 128.  53.  74. 117. 105.]
 [  5.  79.  93. 118.  90.  72.]
 [  4.  51. 115. 110.  51.  84.]
 [  5.  69.  93.  93.  81.  79.]
 [  4. 100.  53.  86. 112.  78.]
 [  4.  88.  69. 108.  71.  77.]
 [  4.  93.  84.  75.  84. 112.]
 [  4.  79.  86. 110.  93.  73.]
 [  4.  87.  72. 112.  63.  71.]
 [  5.  65. 128.  79.  56. 101.]
 [  4.  91.  66. 110.  69.  71.]
 [  4.  93.  79.  74.  92.  90.]
 [  5.  59. 118. 108.  63.  85.]
 [  5.  65. 103.  90.  80.  79.]
 [  5.  93.  94.  79.  79. 113.]]
======Testing of K means criterion=========
Algorithm 1: 1081.7309236947792
Scikit k++: 284.62248995983936
Algorithm 3: 524.2248995983936
kp = [array([  8,  74, 148, 118,  64, 104]), array([ 4, 74, 87, 87, 79, 79]), array([  4,  71, 123,  64,  59, 102]), array([  6,  59, 148, 125,  59,  97]), array([ 12, 123, 124, 109, 129, 143]), array([ 12,  89, 158,  89,  89, 158]), array([ 4, 93, 82, 79, 79, 90]), array([  8,  94, 140,  89, 118,  92]), array([  6,  69, 153, 113,  59,  99]), array([  6,  69, 153, 113,  59,  99]), array([  6, 123,  68,  89, 128,  90]), array([ 10,  97, 123, 108, 119, 111]), array([ 12, 123, 104, 104, 134, 153]), array([ 3, 64, 85, 82, 73, 69]), array([  5, 128,  53,  74, 117, 105]), array([ 5, 93, 89, 74, 89, 93]), array([ 5, 93, 89, 74, 89, 93]), array([ 5, 93, 89, 74, 89, 93]), array([  8, 108, 109,  89,  89, 143]), array([  6,  98,  89, 133,  79,  79]), array([  6,  98, 104, 109,  91, 101]), array([  6,  84, 108, 133,  98,  81]), array([ 12, 133, 104, 119, 129, 133]), array([ 12, 148,  69, 104, 173, 138]), array([  8, 123,  64,  93, 148,  90]), array([  3,  52, 109,  93,  52,  76]), array([  3, 103,  60,  63, 102,  93]), array([ 3, 82, 79, 75, 75, 82]), array([  5,  59, 131, 103,  54,  86]), array([ 5, 88, 94, 81, 79, 91]), array([ 5, 88, 94, 81, 79, 91]), array([  5,  69, 133,  74,  54, 101]), array([  5, 128,  53,  74, 117, 105]), array([  4,  79,  86, 110,  93,  73]), array([ 14, 148,  59, 104, 208, 119]), array([  6,  89, 108, 128, 116,  81]), array([  6, 103,  79, 148,  74,  79]), array([  8, 108, 109, 104,  79, 133]), array([  6, 124,  59,  84, 143,  88]), array([  6,  98,  89, 133,  69,  79]), array([  6,  99,  84, 138,  69,  83]), array([  8, 113,  94,  84, 109, 128]), array([ 12,  89, 128, 148, 111, 102]), array([ 12, 109, 135, 158, 123,  92]), array([ 12,  93, 123, 123, 124, 100]), array([ 22, 148, 149, 154, 149, 148]), array([ 5, 88, 94, 81, 79, 91]), array([  8, 138,  74,  79, 143, 118]), array([  6,  69, 153, 113,  59,  99]), array([ 12, 104, 123, 163, 128,  89]), array([ 12, 123, 129, 139,  99, 143]), array([ 14, 133, 124, 119, 124, 168]), array([ 10,  99, 123, 153, 128, 103]), array([ 12,  93, 128, 118, 119, 100]), array([ 22, 119, 198, 149, 114, 168]), array([ 20, 162,  94, 144, 198, 135]), array([ 5, 69, 93, 93, 81, 79]), array([  4,  88,  69, 108,  71,  77]), array([  5,  74, 130,  74,  53, 101]), array([  6, 103, 109,  99,  89, 108]), array([ 12,  89, 158,  89,  89, 158]), array([ 12, 128, 122, 134, 109, 120]), array([ 12,  89, 158,  89,  89, 158]), array([ 14,  84, 168, 148,  80, 113]), array([  4, 101,  61,  76, 113,  78]), array([  8, 108, 109,  89,  89, 143]), array([  8,  69, 143, 123,  71,  97]), array([ 12, 113, 114, 109, 119, 143]), array([  6,  79, 113, 106,  87,  88]), array([ 12, 153,  74,  94, 163, 158]), array([ 12,  93, 123, 123, 124, 100]), array([ 12, 123, 124, 109, 114, 168]), array([ 12, 123, 124, 109, 114, 168]), array([ 10, 113, 111, 153,  84,  97]), array([ 14,  84, 168, 148,  80, 113]), array([  6,  59, 148, 125,  59,  97]), array([ 12,  89, 163,  99,  79, 143]), array([ 12,  89, 163,  99,  79, 143]), array([ 14, 133, 124, 119, 124, 168]), array([ 14,  79, 203, 153,  69, 119]), array([ 12, 123, 104, 104, 134, 153]), array([ 10,  97, 123, 108, 119, 111]), array([ 22, 128, 158, 183, 158, 130]), array([ 12, 104, 123, 163, 128,  89]), array([ 12,  94, 133, 157, 133,  95]), array([ 12, 138,  86, 114, 158, 102]), array([ 14, 133, 139, 124, 109, 128]), array([  8, 108,  99,  94,  94, 138]), array([ 14,  79, 203, 153,  69, 119]), array([ 14,  94, 178, 109,  69, 143]), array([ 12, 123, 124, 109, 114, 168]), array([ 14, 113, 148,  99, 148, 110]), array([ 12, 133,  74, 114, 175, 102]), array([ 12, 123, 124, 109, 129, 143]), array([ 12, 123, 104, 104, 134, 153]), array([ 12, 104, 130, 178, 118,  92]), array([  8,  74, 148, 118,  64, 104]), array([ 14, 135,  84, 158, 139,  92]), array([ 12,  79, 183, 133,  70, 113]), array([ 12, 133,  74, 114, 175, 102])]
kpp = [[  4  79  86 110  93  73]
 [ 22 153 139 154 154 183]
 [ 12 109 148  94 133 119]
 [ 12  79 183 133  70 113]
 [ 18 148  99 139 168 129]
 [  8 118 104  94  94 118]
 [ 22 114 228 104  84 168]
 [  6  74 133  99  74 113]
 [ 18 105 158 143 129 133]
 [ 22 178  89 114 203 139]
 [  5 128  53  74 117 105]
 [ 10 113  89 168  89  89]
 [ 18 114 144 213 133 128]
 [ 18  88 178 178  89 140]
 [  4  87  89  76  89 111]
 [ 18 104 193 114  99 173]
 [  2  50  97  87  50  75]
 [ 12 104 123 163 128  89]
 [  4 100  53  86 112  78]
 [ 20 124 178 104 158 174]
 [ 14 133 124 119 124 168]
 [ 12 148  69 104 173 138]
 [ 12  89 178  89  79 153]
 [  6  84 131 128  93  81]
 [ 20 178  89 154 198 183]
 [ 20 143 139 139 139 148]
 [ 22 144 173 134 173 149]
 [ 25 129 318  94  89 188]
 [ 18 128 163 173 133 130]
 [ 18 178  94 114 188 173]
 [ 16 132  94 178 109 120]
 [  5  59 118 108  63  85]
 [  6  69 153 113  59  99]
 [  6  98  89 133  69  79]
 [  3  82  79  75  75  82]
 [ 12 123 104 104 134 153]
 [ 12 138  86 114 158 102]
 [ 25  84 247 168 109 140]
 [  4  71 123  64  59 102]
 [ 12 128 122 134 109 120]
 [  6 118  64  99 134  88]
 [  8 143  69  79 143 123]
 [ 18 188  74 109 213 168]
 [  4  87  72 112  63  71]
 [  8  84 118 102  94  90]
 [  8  94 128  89 128  99]
 [ 14  84 161 153  84 116]
 [ 18 143 139 119 139 203]
 [ 18 128 134 188  89 124]
 [ 25 139 153 193 158 134]
 [ 10 165  64  94 173  97]
 [  8  89 143  84  64 118]
 [ 20  98 193 163  99 140]
 [ 22 188 124 114 183 188]
 [ 25 173  89 124 233 158]
 [  8 108  99  94  94 138]
 [ 12  93 123 123 124 100]
 [ 12  89 128 148 111 102]
 [  3 103  60  63 102  93]
 [ 22 139 163 114 203 139]
 [  2  62  76  76  69  68]
 [ 18 153  74 114 188 129]
 [  5  65 103  90  80  79]
 [ 14 135  84 158 139  92]
 [ 20 114 198 124 114 153]
 [ 22 148 174 129 129 153]
 [ 25 104 208 168 134 144]
 [  5  93  89  74  89  93]
 [  6  84 108 133  98  81]
 [ 18 163  84 129 193 139]
 [ 18  99 183 128 114 129]
 [ 20 120 193 104 148 138]
 [ 25 153 159 129 139 218]
 [ 18  83 218 163  74 140]
 [ 22 128 158 183 158 130]
 [ 18 143 154 129 129 178]
 [ 22 129 188 109 104 198]
 [ 22 143 124 208 134 124]
 [ 12  89 163  99  79 143]
 [ 14 163  69  94 188 143]
 [ 20 188  94  94 223 153]
 [ 14 163  99  94 158 143]
 [  5 114  83  65 114 102]
 [ 22 184  84 129 233 133]
 [ 22 124 168 208 148 124]
 [ 20 143 149 139 159 143]
 [ 25 114 238 124 104 178]
 [ 12  84 150 128 104 102]
 [ 22 203  99 104 223 173]
 [ 22 148 149 154 149 148]
 [  6  98 104 109  91 101]
 [  2  77  79  69  68  95]
 [ 22 133 183 114 183 140]
 [ 12 133 104 119 129 133]
 [  8  79 143 113  69 109]
 [ 10 113 111 153  84  97]
 [ 14 148  59 104 208 119]
 [ 18 178 129 104 183 163]
 [ 14  79 203 153  69 119]
 [  5  69 133  74  54 101]]
approx kpp = [[  3.  64.  82.  82.  75.  69.]
 [  4.  85.  67. 111.  65.  72.]
 [  4.  76.  92. 111.  90.  71.]
 [  4.  93.  85.  79.  85.  91.]
 [  6.  84. 108. 138. 103.  79.]
 [  5.  69. 133.  74.  54. 101.]
 [  8.  74. 153. 118.  59.  99.]
 [  5.  56. 124. 108.  56.  85.]
 [  5.  74. 123.  69.  61. 101.]
 [  6.  98.  89. 133.  69.  79.]
 [  6.  79. 113. 106.  87.  88.]
 [  5.  69.  93.  93.  81.  79.]
 [  8. 143.  69.  79. 143. 123.]
 [ 14.  84. 168. 148.  80. 113.]
 [  4.  93.  84.  75.  84. 112.]
 [  4. 105.  52.  75. 113.  78.]
 [  8.  94. 133.  84. 125.  97.]
 [  8. 108. 109.  89.  89. 143.]
 [  3.  54. 107.  92.  54.  76.]
 [  8.  89. 143.  84.  64. 118.]
 [ 18.  99. 193. 158.  99. 144.]
 [  3. 103.  60.  63. 102.  93.]
 [  6. 118.  64.  99. 134.  88.]
 [  6.  98. 104. 109.  91. 101.]
 [ 18. 147. 144. 129. 149. 144.]
 [ 12.  93. 128. 118. 119. 100.]
 [ 22. 128. 158. 183. 158. 130.]
 [  8.  69. 143. 123.  71.  97.]
 [ 22. 114. 228. 104.  84. 168.]
 [  2.  77.  79.  69.  68.  95.]
 [ 12.  94. 133. 157. 133.  95.]
 [ 12. 123. 124. 109. 114. 168.]
 [ 14.  94. 163.  99.  94. 153.]
 [ 20.  93. 183. 178.  89. 140.]
 [ 18. 163.  84. 129. 193. 139.]
 [ 18. 114. 153. 178. 138. 124.]
 [ 12. 128. 124. 114. 111. 126.]
 [ 12. 138.  86. 114. 158. 102.]
 [ 16. 137. 104. 173. 109. 130.]
 [ 12.  79. 183. 104.  69. 148.]
 [ 12. 123. 124. 109. 129. 143.]
 [ 20. 188.  94. 104. 208. 158.]
 [ 14. 163.  69.  94. 188. 143.]
 [ 18. 104. 193. 114.  99. 173.]
 [ 22. 153. 144. 139. 144. 193.]
 [ 10. 113.  89. 168.  89.  89.]
 [ 22. 144. 173. 134. 173. 149.]
 [ 18. 132. 149. 139. 119. 144.]
 [ 18. 178.  94. 114. 188. 173.]
 [  2.  62.  76.  76.  69.  68.]
 [  2.  50.  97.  87.  50.  75.]
 [  2.  68.  77.  95.  76.  61.]
 [  2.  98.  54.  59.  95.  86.]
 [  3.  52. 109.  93.  52.  76.]
 [  3.  64.  85.  82.  73.  69.]
 [  3.  64. 108.  64.  54.  93.]
 [  3.  86.  76.  74.  74. 103.]
 [  3. 107.  54.  64. 103.  94.]
 [  3.  93.  54.  74. 103.  69.]
 [  3.  63.  82.  81.  78.  69.]
 [  3.  82.  79.  75.  75.  82.]
 [  5.  59. 131. 103.  54.  86.]
 [  5. 114.  83.  65. 114. 102.]
 [  4.  93.  82.  79.  79.  90.]
 [  5.  69. 118.  74.  66. 101.]
 [  4.  71. 123.  64.  59. 102.]
 [  5.  88.  94.  81.  79.  91.]
 [  5.  83.  99.  89.  74.  91.]
 [  5. 128.  53.  74. 117. 105.]
 [  5.  79.  93. 118.  90.  72.]
 [  4.  51. 115. 110.  51.  84.]
 [  4. 100.  53.  86. 112.  78.]
 [  4.  88.  69. 108.  71.  77.]
 [  4.  79.  86. 110.  93.  73.]
 [  4.  87.  72. 112.  63.  71.]
 [  5.  65. 128.  79.  56. 101.]
 [  4.  91.  66. 110.  69.  71.]
 [  4.  93.  79.  74.  92.  90.]
 [  5.  59. 118. 108.  63.  85.]
 [  5.  65. 103.  90.  80.  79.]
 [  4.  87.  89.  76.  89. 111.]
 [  5.  93.  94.  79.  79. 113.]
 [  5.  74. 130.  74.  53. 101.]
 [  4. 118.  59.  69. 119.  97.]
 [  4. 101.  61.  76. 113.  78.]
 [  5.  88.  99.  79.  83. 114.]
 [  4.  74.  87.  87.  79.  79.]
 [ 14. 148.  59. 104. 208. 119.]
 [  5.  93.  89.  74.  89.  93.]
 [  4.  79. 103.  68. 103.  85.]
 [  8.  94. 140.  89. 118.  92.]
 [  6.  98.  89. 133.  79.  79.]
 [  8.  84. 118. 102.  94.  90.]
 [  8. 138.  74.  79. 143. 118.]
 [  6.  74. 109. 103.  89.  88.]
 [  8. 118. 104.  94.  94. 118.]
 [  8.  94. 128.  89. 128.  99.]
 [  8.  64. 155. 118.  64.  97.]
 [  8. 108. 109.  94.  99. 138.]
 [  6.  89. 108. 128. 116.  81.]]
======Testing of K means criterion=========
Algorithm 1: 837.5783132530121
Scikit k++: 180.97590361445782
Algorithm 3: 429.6546184738956
