
data shape is:
440 8
=====TESTING data for k = 10 =====
kp = [array([   1,    1, 3191, 1993, 1799, 1730,  234,  710]), array([   1,    1, 8635,  820, 3047, 2312,  415,  225]), array([    1,     3, 17160,  1200,  3412,  2417,   174,  1136]), array([    1,     3, 17773,  1366,  2474,  3378,   811,   418]), array([    1,     3, 17023,  5139,  5230,  7888,   330,  1755]), array([    1,     1, 18567,  1895,  1393,  1801,   244,  2100]), array([   1,    3, 3347, 4051, 6996,  239, 1538,  301]), array([    2,     1,  2532, 16599, 36486,   179, 13308,   674]), array([   1,    3,  955, 5479, 6536,  333, 2840,  707]), array([    2,     3, 11519,  6152, 10868,   584,  5121,  1476])]
kpp = [[    1     3 25767  3613  2013 10303   314  1384]
 [    1     3  5963  3648  6192   425  1716   750]
 [    2     3 35942 38369 59598  3254 26701  2017]
 [    2     3  3366  5403 12974  4400  5977  1744]
 [    2     3  9198 27472 32034  3232 18906  5130]
 [    1     1 56083  4563  2124  6422   730  3321]
 [    1     3 17623  4280  7305  2279   960  2616]
 [    1     2 32717 16784 13626 60869  1272  5609]
 [    1     3 36817  3045  1493  4802   210  1824]
 [    1     3  9602  1316  1263  2921   841   290]]
approx kpp = [[1.0000e+00 1.0000e+00 3.1910e+03 1.9930e+03 1.7990e+03 1.7300e+03
  2.3400e+02 7.1000e+02]
 [1.0000e+00 3.0000e+00 1.0766e+04 1.1750e+03 2.0670e+03 2.0960e+03
  3.0100e+02 1.6700e+02]
 [2.0000e+00 3.0000e+00 2.8610e+03 6.5700e+03 9.6180e+03 9.3000e+02
  4.0040e+03 1.6820e+03]
 [1.0000e+00 3.0000e+00 1.8073e+04 4.6130e+03 3.4440e+03 4.3240e+03
  9.1400e+02 7.1500e+02]
 [2.0000e+00 3.0000e+00 1.2669e+04 9.6560e+03 7.5610e+03 2.1400e+02
  2.6740e+03 1.3380e+03]
 [2.0000e+00 3.0000e+00 7.0570e+03 9.8100e+03 9.5680e+03 1.7620e+03
  3.2930e+03 1.7760e+03]
 [2.0000e+00 3.0000e+00 6.3530e+03 8.8080e+03 7.6840e+03 2.4050e+03
  3.5160e+03 7.8440e+03]
 [1.0000e+00 3.0000e+00 1.3265e+04 1.1960e+03 4.2210e+03 6.4040e+03
  5.0700e+02 1.7880e+03]
 [2.0000e+00 3.0000e+00 2.2615e+04 5.4100e+03 7.1980e+03 3.9150e+03
  1.7770e+03 5.1850e+03]
 [2.0000e+00 3.0000e+00 9.4130e+03 8.2590e+03 5.1260e+03 6.6600e+02
  1.7950e+03 1.4510e+03]]
======Testing of K means criterion=========
Algorithm 1: 190983862.02272728
Scikit k++: 98219085.275
Algorithm 3: 219220964.63863635
=====TESTING data for k = 30 =====
kp = [array([   1,    3, 7388, 1882, 2174,  720,   47,  537]), array([   1,    1, 8040, 3795, 2070, 6340,  918,  291]), array([    1,     3, 19746,  2872,  2006,  2601,   468,   503]), array([    2,     3,  2771,  6939, 15541,  2693,  6600,  1115]), array([    1,     3, 16260,   594,  1296,   848,   445,   258]), array([   1,    2, 1182, 3088, 6114,  978,  821, 1637]), array([   1,    3, 1502, 1979, 2262,  425,  483,  395]), array([    2,     3, 12205, 12697, 28540,   869, 12034,  1009]), array([   1,    2, 1774, 3696, 2280,  514,  275,  834]), array([   2,    3, 4822, 6721, 9170,  993, 4973, 3637]), array([   1,    3, 3352, 1181, 1328, 5502,  311, 1000]), array([    1,     1, 18226,   659,  2914,  3752,   586,   578]), array([    1,     3, 38793,  3154,  2648,  1034,    96,  1242]), array([   1,    3, 6338, 2256, 1668, 1492,  311,  686]), array([   1,    3, 9898,  961, 2861, 3151,  242,  833]), array([    1,     3, 28257,   944,  2146,  3881,   600,   270]), array([    1,     1, 14755,   899,  1382,  1765,    56,   749]), array([    2,     1,  5550, 12729, 16767,   864, 12420,   797]), array([   1,    1, 8635,  820, 3047, 2312,  415,  225]), array([   1,    3, 6022, 3354, 3261, 2507,  212,  686]), array([   1,    3, 9785,  848, 1172, 1677,  200,  406]), array([    1,     3, 29729,  4786,  7326,  6130,   361,  1083]), array([    2,     3,  1020,  8816, 12121,   134,  4508,  1080]), array([    1,     3, 68951,  4411, 12609,  8692,   751,  2406]), array([    1,     1,  6202,  7775, 10817,  1183,  3143,  1970]), array([    1,     2,  7034,  1492,  2405, 12569,   299,  1117]), array([    2,     3, 12126,  3199,  6975,   480,  3140,   545]), array([   1,    3, 9434, 1042, 1235,  436,  256,  396]), array([   1,    1,  514, 8323, 6869,  529,   93, 1040]), array([    1,     3, 49063,  3965,  4252,  5970,  1041,  1404])]
kpp = [[     1      3    955   5479   6536    333   2840    707]
 [     1      3  10683  21858  15400   3635    282   5120]
 [     1      3  68951   4411  12609   8692    751   2406]
 [     1      2  22321   3216   1447   2208    178   2602]
 [     1      3   5969   1990   3417   5679   1135    290]
 [     2      3  44466  54259  55571   7782  24171   6465]
 [     2      3   1989  10690  19460    233  11577   2153]
 [     2      2   8565   4980  67298    131  38102   1215]
 [     1      3  36847  43950  20170  36534    239  47943]
 [     2      3  39679   3944   4955   1364    523   2235]
 [     1      3  11173   2521   3355   1517    310    222]
 [     2      3   5531  15726  26870   2367  13726    446]
 [     1      3 112151  29627  18148  16745   4948   8550]
 [     2      3  24653   9465  12091    294   5058   2168]
 [     1      2  32717  16784  13626  60869   1272   5609]
 [     2      3  11594   7779  12144   3252   8035   3029]
 [     2      3  35942  38369  59598   3254  26701   2017]
 [     2      3  16117  46197  92780   1026  40827   2944]
 [     2      3  22925  73498  32114    987  20070    903]
 [     1      3  17770   4591   1617   9927    246    532]
 [     2      3   4098  29892  26866   2616  17740   1340]
 [     2      3    219   9540  14403    283   7818    156]
 [     1      3  56159    555    902  10002    212   2916]
 [     1      3  25767   3613   2013  10303    314   1384]
 [     1      3  11314   3090   2062  35009     71   2698]
 [     1      1   2083   5007   1563   1120    147   1550]
 [     2      3     85  20959  45828     36  24231   1423]
 [     2      3   4822   6721   9170    993   4973   3637]
 [     1      3  29703  12051  16027  13135    182   2204]
 [     2      3  16165   4230   7595    201   4003     57]]
approx kpp = [[1.0000e+00 3.0000e+00 6.3000e+03 1.2890e+03 2.5910e+03 1.1700e+03
  1.9900e+02 3.2600e+02]
 [1.0000e+00 1.0000e+00 3.1910e+03 1.9930e+03 1.7990e+03 1.7300e+03
  2.3400e+02 7.1000e+02]
 [1.0000e+00 3.0000e+00 1.0766e+04 1.1750e+03 2.0670e+03 2.0960e+03
  3.0100e+02 1.6700e+02]
 [1.0000e+00 2.0000e+00 1.7327e+04 2.3740e+03 2.8420e+03 1.1490e+03
  3.5100e+02 9.2500e+02]
 [2.0000e+00 3.0000e+00 2.8610e+03 6.5700e+03 9.6180e+03 9.3000e+02
  4.0040e+03 1.6820e+03]
 [2.0000e+00 3.0000e+00 8.2570e+03 3.8800e+03 6.4070e+03 1.6460e+03
  2.7300e+03 3.4400e+02]
 [1.0000e+00 1.0000e+00 2.8060e+03 1.0765e+04 1.5538e+04 1.3740e+03
  5.8280e+03 2.3880e+03]
 [1.0000e+00 3.0000e+00 1.7023e+04 5.1390e+03 5.2300e+03 7.8880e+03
  3.3000e+02 1.7550e+03]
 [1.0000e+00 3.0000e+00 2.4904e+04 3.8360e+03 5.3300e+03 3.4430e+03
  4.5400e+02 3.1780e+03]
 [1.0000e+00 3.0000e+00 3.6050e+04 1.6420e+03 2.9610e+03 4.7870e+03
  5.0000e+02 1.6210e+03]
 [2.0000e+00 3.0000e+00 1.2669e+04 9.6560e+03 7.5610e+03 2.1400e+02
  2.6740e+03 1.3380e+03]
 [2.0000e+00 3.0000e+00 7.0570e+03 9.8100e+03 9.5680e+03 1.7620e+03
  3.2930e+03 1.7760e+03]
 [2.0000e+00 3.0000e+00 6.3530e+03 8.8080e+03 7.6840e+03 2.4050e+03
  3.5160e+03 7.8440e+03]
 [1.0000e+00 3.0000e+00 1.3265e+04 1.1960e+03 4.2210e+03 6.4040e+03
  5.0700e+02 1.7880e+03]
 [2.0000e+00 3.0000e+00 2.2615e+04 5.4100e+03 7.1980e+03 3.9150e+03
  1.7770e+03 5.1850e+03]
 [2.0000e+00 3.0000e+00 9.4130e+03 8.2590e+03 5.1260e+03 6.6600e+02
  1.7950e+03 1.4510e+03]
 [2.0000e+00 3.0000e+00 1.2126e+04 3.1990e+03 6.9750e+03 4.8000e+02
  3.1400e+03 5.4500e+02]
 [2.0000e+00 3.0000e+00 7.5790e+03 4.9560e+03 9.4260e+03 1.6690e+03
  3.3210e+03 2.5660e+03]
 [1.0000e+00 3.0000e+00 5.9630e+03 3.6480e+03 6.1920e+03 4.2500e+02
  1.7160e+03 7.5000e+02]
 [2.0000e+00 3.0000e+00 6.0060e+03 1.1093e+04 1.8881e+04 1.1590e+03
  7.4250e+03 2.0980e+03]
 [2.0000e+00 3.0000e+00 3.3660e+03 5.4030e+03 1.2974e+04 4.4000e+03
  5.9770e+03 1.7440e+03]
 [2.0000e+00 3.0000e+00 1.3146e+04 1.1240e+03 4.5230e+03 1.4200e+03
  5.4900e+02 4.9700e+02]
 [2.0000e+00 3.0000e+00 3.1714e+04 1.2319e+04 1.1757e+04 2.8700e+02
  3.8810e+03 2.9310e+03]
 [2.0000e+00 3.0000e+00 2.1217e+04 6.2080e+03 1.4982e+04 3.0950e+03
  6.7070e+03 6.0200e+02]
 [2.0000e+00 3.0000e+00 2.4653e+04 9.4650e+03 1.2091e+04 2.9400e+02
  5.0580e+03 2.1680e+03]
 [1.0000e+00 3.0000e+00 1.0253e+04 1.1140e+03 3.8210e+03 3.9700e+02
  9.6400e+02 4.1200e+02]
 [2.0000e+00 3.0000e+00 1.0200e+03 8.8160e+03 1.2121e+04 1.3400e+02
  4.5080e+03 1.0800e+03]
 [1.0000e+00 3.0000e+00 5.8760e+03 6.1570e+03 2.9330e+03 8.3900e+02
  3.7000e+02 4.4780e+03]
 [2.0000e+00 3.0000e+00 1.8601e+04 6.3270e+03 1.0099e+04 2.2050e+03
  2.7670e+03 3.1810e+03]
 [1.0000e+00 3.0000e+00 7.7800e+03 2.4950e+03 9.4640e+03 6.6900e+02
  2.5180e+03 5.0100e+02]]
======Testing of K means criterion=========
Algorithm 1: 105471843.4590909
Scikit k++: 33503744.23409091
Algorithm 3: 141923678.65
=====TESTING data for k = 50 =====
kp = [array([   1,    3, 7388, 1882, 2174,  720,   47,  537]), array([   1,    1, 8040, 3795, 2070, 6340,  918,  291]), array([    1,     3, 11693,  2317,  2543,  5845,   274,  1409]), array([   1,    3, 1198, 2602, 8335,  402, 3843,  303]), array([    1,     3,   759, 18664,  1660,  6114,   536,  4100]), array([   1,    3, 1502, 1979, 2262,  425,  483,  395]), array([    2,     3, 12205, 12697, 28540,   869, 12034,  1009]), array([    2,     1,  2532, 16599, 36486,   179, 13308,   674]), array([   2,    1, 2790, 2527, 5265, 5612,  788, 1360]), array([   1,    3,  255, 5758, 5923,  349, 4595, 1328]), array([    1,     3, 22686,   134,   218,  3157,     9,   548]), array([   2,    3, 4822, 6721, 9170,  993, 4973, 3637]), array([    1,     3, 23632,  6730,  3842,  8620,   385,   819]), array([    1,     3, 38793,  3154,  2648,  1034,    96,  1242]), array([    1,     2, 13970,  1511,  1330,   650,   146,   778]), array([    2,     3, 15615, 12653, 19858,  4425,  7108,  2379]), array([   1,    3, 5567,  871, 2010, 3383,  375,  569]), array([    1,     2,  7034,  1492,  2405, 12569,   299,  1117]), array([   1,    3, 3366, 2884, 2431,  977,  167, 1104]), array([    2,     1, 12119, 28326, 39694,  4736, 19410,  2870]), array([    1,     1, 18692,  3838,   593,  4634,    28,  1215]), array([    2,     1,  2532, 16599, 36486,   179, 13308,   674]), array([   1,    3, 6338, 2256, 1668, 1492,  311,  686]), array([    1,     3, 43265,  5025,  8117,  6312,  1579, 14351]), array([   1,    3, 3477,  894,  534, 1457,  252,  342]), array([    2,     3, 16165,  4230,  7595,   201,  4003,    57]), array([   1,    3, 4627,  997, 4438,  191, 1335,  314]), array([    1,     3, 13624,   295,  1381,   890,    43,    84]), array([    2,     3,  1406, 16729, 28986,   673,   836,     3]), array([    1,     3, 18044,  1080,  2000,  2555,   118,  1266]), array([    2,     3,  1406, 16729, 28986,   673,   836,     3]), array([    1,     3, 15587,  1014,  3970,   910,   139,  1378]), array([    1,     3, 22335,  1196,  2406,  2046,   101,   558]), array([   2,    3, 1531, 8397, 6981,  247, 2505, 1236]), array([    1,     3, 18073,  4613,  3444,  4324,   914,   715]), array([    2,     1,    18,  7504, 15205,  1285,  4797,  6372]), array([   1,    3, 2708, 2160, 2642,  502,  965, 1522]), array([    2,     3, 11170, 10769,  8814,  2194,  1976,   143]), array([   1,    3, 7388, 1882, 2174,  720,   47,  537]), array([   1,    3, 2838, 3086, 4329, 3838,  825, 1060]), array([   1,    2, 9784,  925, 2405, 4447,  183,  297]), array([    1,     3, 10253,  1114,  3821,   397,   964,   412]), array([    2,     1,  2427,  7097, 10391,  1127,  4314,  1468]), array([    2,     3,  8797, 10646, 14886,  2471,  8969,  1438]), array([   1,    3, 5963, 3648, 6192,  425, 1716,  750]), array([    1,     3, 15354,  2102,  2828,  8366,   386,  1027]), array([    1,     1, 15218,   258,  1138,  2516,   333,   204]), array([    2,     1,    18,  7504, 15205,  1285,  4797,  6372]), array([    2,     1,  3067, 13240, 23127,  3941,  9959,   731]), array([    2,     1,  6134, 23133, 33586,  6746, 18594,  5121])]
kpp = [[     2      3   2861   6570   9618    930   4004   1682]
 [     1      3  18827   3677   1988    118    516    201]
 [     2      1  12119  28326  39694   4736  19410   2870]
 [     1      3  45640   6958   6536   7368   1532    230]
 [     1      3   7769   1936   2177    926     73    520]
 [     2      3   4591  15729  16709     33   6956    433]
 [     1      3 112151  29627  18148  16745   4948   8550]
 [     1      3  36847  43950  20170  36534    239  47943]
 [     2      3  16117  46197  92780   1026  40827   2944]
 [     1      2  32717  16784  13626  60869   1272   5609]
 [     1      3  25767   3613   2013  10303    314   1384]
 [     2      3  44466  54259  55571   7782  24171   6465]
 [     2      3  17360   6200   9694   1293   3620   1721]
 [     1      3   1206   3620   2857   1945    353    967]
 [     1      3   7149   2428    699   6316    395    911]
 [     1      3  29955   4362   5428   1729    862   4626]
 [     2      3     85  20959  45828     36  24231   1423]
 [     2      3  12205  12697  28540    869  12034   1009]
 [     1      3  76237   3473   7102  16538    778    918]
 [     2      3  26373  36423  22019   5154   4337  16523]
 [     2      3     37   1275  22272    137   6747    110]
 [     2      3   5181  22044  21531   1740   7353   4985]
 [     2      2  16823    928   2743  11559    332   3486]
 [     1      3  42786    286    471   1388     32     22]
 [     2      3  22925  73498  32114    987  20070    903]
 [     1      3  11314   3090   2062  35009     71   2698]
 [     2      2   8565   4980  67298    131  38102   1215]
 [     1      3  17160   1200   3412   2417    174   1136]
 [     2      3    630  11095  23998    787   9529     72]
 [     2      3   9413   8259   5126    666   1795   1451]
 [     2      3  24653   9465  12091    294   5058   2168]
 [     2      3    260   8675  13430   1116   7015    323]
 [     2      3   4967  21412  28921   1798  13583   1163]
 [     2      3  12579  11114  17569    805   6457   1519]
 [     1      3  11173   2521   3355   1517    310    222]
 [     2      3   8190   6343   9794   1285   1901   1780]
 [     2      2    243  12939   8852    799   3909    211]
 [     1      1  56083   4563   2124   6422    730   3321]
 [     1      2  25977   3587   2464   2369    140   1092]
 [     1      3   4983   4859   6633  17866    912   2435]
 [     1      3  10683  21858  15400   3635    282   5120]
 [     1      3  31012  16687   5429  15082    439   1163]
 [     1      3  15354   2102   2828   8366    386   1027]
 [     2      3  22039   8384  34792     42  12591   4430]
 [     1      3   4446    906   1238   3576    153   1014]
 [     2      1   6134  23133  33586   6746  18594   5121]
 [     1      3  18291   1266  21042   5373   4173  14472]
 [     1      1  30624   7209   4897  18711    763   2876]
 [     2      3  35942  38369  59598   3254  26701   2017]
 [     2      3   7362  12844  18683   2854   7883    553]]
approx kpp = [[1.0000e+00 3.0000e+00 6.0800e+02 1.1060e+03 1.5330e+03 8.3000e+02
  9.0000e+01 1.9500e+02]
 [1.0000e+00 3.0000e+00 6.8840e+03 1.0460e+03 1.1670e+03 2.0690e+03
  5.9300e+02 3.7800e+02]
 [1.0000e+00 3.0000e+00 6.3000e+03 1.2890e+03 2.5910e+03 1.1700e+03
  1.9900e+02 3.2600e+02]
 [1.0000e+00 1.0000e+00 3.1910e+03 1.9930e+03 1.7990e+03 1.7300e+03
  2.3400e+02 7.1000e+02]
 [1.0000e+00 3.0000e+00 1.0766e+04 1.1750e+03 2.0670e+03 2.0960e+03
  3.0100e+02 1.6700e+02]
 [1.0000e+00 1.0000e+00 1.8044e+04 1.4750e+03 2.0460e+03 2.5320e+03
  1.3000e+02 1.1580e+03]
 [1.0000e+00 2.0000e+00 1.7740e+03 3.6960e+03 2.2800e+03 5.1400e+02
  2.7500e+02 8.3400e+02]
 [1.0000e+00 3.0000e+00 1.4276e+04 8.0300e+02 3.0450e+03 4.8500e+02
  1.0000e+02 5.1800e+02]
 [1.0000e+00 3.0000e+00 9.6580e+03 2.1820e+03 1.9090e+03 5.6390e+03
  2.1500e+02 3.2300e+02]
 [2.0000e+00 3.0000e+00 2.3200e+03 5.7630e+03 1.1238e+04 7.6700e+02
  5.1620e+03 2.1580e+03]
 [1.0000e+00 3.0000e+00 5.9630e+03 3.6480e+03 6.1920e+03 4.2500e+02
  1.7160e+03 7.5000e+02]
 [2.0000e+00 3.0000e+00 5.2240e+03 7.6030e+03 8.5840e+03 2.5400e+03
  3.6740e+03 2.3800e+02]
 [2.0000e+00 3.0000e+00 1.7063e+04 4.8470e+03 9.0530e+03 1.0310e+03
  3.4150e+03 1.7840e+03]
 [1.0000e+00 1.0000e+00 2.4929e+04 1.8010e+03 2.4750e+03 2.2160e+03
  4.1200e+02 1.0470e+03]
 [1.0000e+00 1.0000e+00 1.5370e+03 3.7480e+03 5.8380e+03 1.8590e+03
  3.3810e+03 8.0600e+02]
 [1.0000e+00 1.0000e+00 1.1092e+04 5.0080e+03 5.2490e+03 4.5300e+02
  3.9200e+02 3.7300e+02]
 [1.0000e+00 2.0000e+00 1.6933e+04 2.2090e+03 3.3890e+03 7.8490e+03
  2.1000e+02 1.5340e+03]
 [2.0000e+00 3.0000e+00 4.9100e+02 1.0473e+04 1.1532e+04 7.4400e+02
  5.6110e+03 2.2400e+02]
 [1.0000e+00 3.0000e+00 3.8793e+04 3.1540e+03 2.6480e+03 1.0340e+03
  9.6000e+01 1.2420e+03]
 [2.0000e+00 2.0000e+00 5.2830e+03 1.3316e+04 2.0399e+04 1.8090e+03
  8.7520e+03 1.7200e+02]
 [2.0000e+00 3.0000e+00 1.0850e+04 7.5550e+03 1.4961e+04 1.8800e+02
  6.8990e+03 4.6000e+01]
 [2.0000e+00 3.0000e+00 1.1700e+02 6.2640e+03 2.1203e+04 2.2800e+02
  8.6820e+03 1.1110e+03]
 [1.0000e+00 3.0000e+00 2.7901e+04 3.7490e+03 6.9640e+03 4.4790e+03
  6.0300e+02 2.5030e+03]
 [2.0000e+00 3.0000e+00 1.2669e+04 9.6560e+03 7.5610e+03 2.1400e+02
  2.6740e+03 1.3380e+03]
 [2.0000e+00 3.0000e+00 7.0570e+03 9.8100e+03 9.5680e+03 1.7620e+03
  3.2930e+03 1.7760e+03]
 [2.0000e+00 3.0000e+00 6.3530e+03 8.8080e+03 7.6840e+03 2.4050e+03
  3.5160e+03 7.8440e+03]
 [1.0000e+00 3.0000e+00 1.3265e+04 1.1960e+03 4.2210e+03 6.4040e+03
  5.0700e+02 1.7880e+03]
 [2.0000e+00 3.0000e+00 2.2615e+04 5.4100e+03 7.1980e+03 3.9150e+03
  1.7770e+03 5.1850e+03]
 [2.0000e+00 3.0000e+00 9.4130e+03 8.2590e+03 5.1260e+03 6.6600e+02
  1.7950e+03 1.4510e+03]
 [2.0000e+00 3.0000e+00 1.2126e+04 3.1990e+03 6.9750e+03 4.8000e+02
  3.1400e+03 5.4500e+02]
 [2.0000e+00 3.0000e+00 7.5790e+03 4.9560e+03 9.4260e+03 1.6690e+03
  3.3210e+03 2.5660e+03]
 [2.0000e+00 3.0000e+00 6.0060e+03 1.1093e+04 1.8881e+04 1.1590e+03
  7.4250e+03 2.0980e+03]
 [2.0000e+00 3.0000e+00 3.3660e+03 5.4030e+03 1.2974e+04 4.4000e+03
  5.9770e+03 1.7440e+03]
 [2.0000e+00 3.0000e+00 1.3146e+04 1.1240e+03 4.5230e+03 1.4200e+03
  5.4900e+02 4.9700e+02]
 [2.0000e+00 3.0000e+00 3.1714e+04 1.2319e+04 1.1757e+04 2.8700e+02
  3.8810e+03 2.9310e+03]
 [2.0000e+00 3.0000e+00 2.1217e+04 6.2080e+03 1.4982e+04 3.0950e+03
  6.7070e+03 6.0200e+02]
 [2.0000e+00 3.0000e+00 2.4653e+04 9.4650e+03 1.2091e+04 2.9400e+02
  5.0580e+03 2.1680e+03]
 [1.0000e+00 3.0000e+00 1.0253e+04 1.1140e+03 3.8210e+03 3.9700e+02
  9.6400e+02 4.1200e+02]
 [2.0000e+00 3.0000e+00 1.0200e+03 8.8160e+03 1.2121e+04 1.3400e+02
  4.5080e+03 1.0800e+03]
 [1.0000e+00 3.0000e+00 5.8760e+03 6.1570e+03 2.9330e+03 8.3900e+02
  3.7000e+02 4.4780e+03]
 [2.0000e+00 3.0000e+00 1.8601e+04 6.3270e+03 1.0099e+04 2.2050e+03
  2.7670e+03 3.1810e+03]
 [1.0000e+00 3.0000e+00 7.7800e+03 2.4950e+03 9.4640e+03 6.6900e+02
  2.5180e+03 5.0100e+02]
 [2.0000e+00 3.0000e+00 1.7546e+04 4.5190e+03 4.6020e+03 1.0660e+03
  2.2590e+03 2.1240e+03]
 [1.0000e+00 3.0000e+00 5.5670e+03 8.7100e+02 2.0100e+03 3.3830e+03
  3.7500e+02 5.6900e+02]
 [1.0000e+00 3.0000e+00 3.1276e+04 1.9170e+03 4.4690e+03 9.4080e+03
  2.3810e+03 4.3340e+03]
 [2.0000e+00 3.0000e+00 2.6373e+04 3.6423e+04 2.2019e+04 5.1540e+03
  4.3370e+03 1.6523e+04]
 [2.0000e+00 3.0000e+00 2.2647e+04 9.7760e+03 1.3792e+04 2.9150e+03
  4.4820e+03 5.7780e+03]
 [2.0000e+00 3.0000e+00 1.6165e+04 4.2300e+03 7.5950e+03 2.0100e+02
  4.0030e+03 5.7000e+01]
 [1.0000e+00 3.0000e+00 9.8980e+03 9.6100e+02 2.8610e+03 3.1510e+03
  2.4200e+02 8.3300e+02]
 [2.0000e+00 3.0000e+00 4.1130e+03 2.0484e+04 2.5957e+04 1.1580e+03
  8.6040e+03 5.2060e+03]]
======Testing of K means criterion=========
Algorithm 1: 89323339.22954546
Scikit k++: 19627669.886363637
Algorithm 3: 99619888.72045454
=====TESTING data for k = 100 =====
kp = [array([   1,    3, 7388, 1882, 2174,  720,   47,  537]), array([   1,    1, 8040, 3795, 2070, 6340,  918,  291]), array([    1,     3, 11693,  2317,  2543,  5845,   274,  1409]), array([   1,    3, 1198, 2602, 8335,  402, 3843,  303]), array([    1,     3,   759, 18664,  1660,  6114,   536,  4100]), array([   1,    3, 1502, 1979, 2262,  425,  483,  395]), array([   1,    3, 9434, 1042, 1235,  436,  256,  396]), array([    1,     3, 11442,  1032,   582,  5390,    74,   247]), array([    2,     1,  2532, 16599, 36486,   179, 13308,   674]), array([    1,     1, 14755,   899,  1382,  1765,    56,   749]), array([   1,    3,  255, 5758, 5923,  349, 4595, 1328]), array([   2,    3, 4822, 6721, 9170,  993, 4973, 3637]), array([    2,     3, 15615, 12653, 19858,  4425,  7108,  2379]), array([    1,     1, 14755,   899,  1382,  1765,    56,   749]), array([    1,     3, 10405,  1596,  1096,  8425,   399,   318]), array([   1,    3, 4734,  607,  864, 1206,  159,  405]), array([    2,     2,   918, 20655, 13567,  1465,  6846,   806]), array([    2,     3, 17360,  6200,  9694,  1293,  3620,  1721]), array([    2,     3, 12205, 12697, 28540,   869, 12034,  1009]), array([   1,    2, 9784,  925, 2405, 4447,  183,  297]), array([    2,     2, 27082,  6817, 10790,  1365,  4111,  2139]), array([    1,     3, 20105,  1887,  1939,  8164,   716,   790]), array([   1,    2, 5113, 1486, 4583, 5127,  492,  739]), array([   1,    3, 6633, 2096, 4563, 1389, 1860, 1892]), array([   1,    3,    3, 2920, 6252,  440,  223,  709]), array([   1,    3,    3, 2920, 6252,  440,  223,  709]), array([   1,    1,  583,  685, 2216,  469,  954,   18]), array([    2,     3,  1210, 10044, 22294,  1741, 12638,  3137]), array([    2,     2, 16448,  6243,  6360,   824,  2662,  2005]), array([   1,    3, 5567,  871, 2010, 3383,  375,  569]), array([   1,    1, 6373,  780,  950,  878,  288,  285]), array([   1,    3, 3521, 1099, 1997, 1796,  173,  995]), array([    2,     3,    37,  1275, 22272,   137,  6747,   110]), array([    2,     3,  1406, 16729, 28986,   673,   836,     3]), array([   1,    3, 5924,  584,  542, 4052,  283,  434]), array([    1,     1, 12680,  3243,  4157,   660,   761,   786]), array([    1,     3, 37036,  7152,  8253,  2995,    20,     3]), array([    1,     3, 18044,  1080,  2000,  2555,   118,  1266]), array([    2,     3,  1210, 10044, 22294,  1741, 12638,  3137]), array([    2,     3,  1406, 16729, 28986,   673,   836,     3]), array([    2,     2, 16823,   928,  2743, 11559,   332,  3486]), array([    1,     3, 15587,  1014,  3970,   910,   139,  1378]), array([   1,    1, 7291, 1012, 2062, 1291,  240, 1775]), array([   1,    3,  717, 3587, 6532, 7530,  529,  894]), array([    2,     3, 22925, 73498, 32114,   987, 20070,   903]), array([    1,     2, 16933,  2209,  3389,  7849,   210,  1534]), array([    2,     3, 16165,  4230,  7595,   201,  4003,    57]), array([    1,     3, 14903,  2032,  2479,   576,   955,   328]), array([    1,     1, 13569,   346,   489,  2077,    44,   659]), array([   1,    3, 8258, 2344, 2147, 3896,  266,  635]), array([   1,    3, 4625, 8579, 7030, 4575, 2447, 1542]), array([    2,     3,  1689,  6964, 26316,  1456, 15469,    37]), array([    1,     3, 20918,  1916,  1573,  1960,   231,   961]), array([    2,     3,  2343,  7845, 11874,    52,  4196,  1697]), array([    1,     1, 11210,  3576,  5119,   561,  1682,  2398]), array([   1,    3, 9203, 3373, 2707, 1286, 1082,  526]), array([   1,    1, 2153, 1115, 6684, 4324, 2894,  411]), array([    1,     1, 47493,  2567,  3779,  5243,   828,  2253]), array([    1,     3, 43088,  2100,  2609,  1200,  1107,   823]), array([    2,     2,   918, 20655, 13567,  1465,  6846,   806]), array([    2,     2,  2137,  3737, 19172,  1274, 17120,   142]), array([   2,    3, 1531, 8397, 6981,  247, 2505, 1236]), array([    2,     2,  1479, 14982, 11924,   662,  3891,  3508]), array([    2,     3,   514,  7677, 19805,   937,  9836,   716]), array([    1,     3, 45640,  6958,  6536,  7368,  1532,   230]), array([    1,     2, 16933,  2209,  3389,  7849,   210,  1534]), array([    2,     1,  4484, 14399, 24708,  3549, 14235,  1681]), array([   1,    1, 6373,  780,  950,  878,  288,  285]), array([    1,     2, 21273,  2013,  6550,   909,   811,  1854]), array([    2,     3, 39679,  3944,  4955,  1364,   523,  2235]), array([    1,     3, 17623,  4280,  7305,  2279,   960,  2616]), array([    1,     3, 10253,  1114,  3821,   397,   964,   412]), array([   2,    3, 7579, 4956, 9426, 1669, 3321, 2566]), array([    1,     3,   694,  8533, 10518,   443,  6907,   156]), array([   1,    3,    3, 2920, 6252,  440,  223,  709]), array([    1,     2, 13970,  1511,  1330,   650,   146,   778]), array([   1,    3, 9434, 1042, 1235,  436,  256,  396]), array([   1,    1, 6623, 1860, 4740, 7683,  205, 1693]), array([    1,     3, 42312,   926,  1510,  1718,   410,  1819]), array([    1,     3, 20398,  1137,     3,  4407,     3,   975]), array([    1,     1, 24929,  1801,  2475,  2216,   412,  1047]), array([    1,     1, 29526,  7961, 16966,   432,   363,  1391]), array([    2,     1,  3062,  6154, 13916,   230,  8933,  2784]), array([    2,     1,    18,  7504, 15205,  1285,  4797,  6372]), array([   1,    1, 4720, 1032,  975, 5500,  197,   56]), array([   1,    2, 6987, 1020, 3007,  416,  257,  656]), array([   1,    3, 2838, 3086, 4329, 3838,  825, 1060]), array([    2,     2,  8565,  4980, 67298,   131, 38102,  1215]), array([    1,     3, 20049,  1891,  2362,  5343,   411,   933]), array([    1,     3, 43088,  2100,  2609,  1200,  1107,   823]), array([    2,     3, 11519,  6152, 10868,   584,  5121,  1476]), array([    1,     2, 25977,  3587,  2464,  2369,   140,  1092]), array([    1,     1, 53205,  4959,  7336,  3012,   967,   818]), array([   1,    3, 9658, 2182, 1909, 5639,  215,  323]), array([    1,     3, 37036,  7152,  8253,  2995,    20,     3]), array([    1,     1, 12680,  3243,  4157,   660,   761,   786]), array([   1,    3, 7107, 1012, 2974,  806,  355, 1142]), array([    1,     3, 12759,  7330,  4533,  1752,    20,  2631]), array([    1,     2, 16933,  2209,  3389,  7849,   210,  1534]), array([    1,     2, 22321,  3216,  1447,  2208,   178,  2602])]
kpp = [[     1      3   5414    717   2155   2399     69    750]
 [     1      3  26400   1377   4172    830    948   1218]
 [     2      3  12579  11114  17569    805   6457   1519]
 [     2      3  16117  46197  92780   1026  40827   2944]
 [     1      3  43088   2100   2609   1200   1107    823]
 [     2      3   9198  27472  32034   3232  18906   5130]
 [     1      3  36847  43950  20170  36534    239  47943]
 [     2      3   2771   6939  15541   2693   6600   1115]
 [     2      3   7842   6046   8552   1691   3540   1874]
 [     1      3  68951   4411  12609   8692    751   2406]
 [     2      3  22925  73498  32114    987  20070    903]
 [     1      3  15177   2024   3810   2665    232    610]
 [     1      2  32717  16784  13626  60869   1272   5609]
 [     1      3  11243   2408   2593  15348    108   1886]
 [     2      3  44466  54259  55571   7782  24171   6465]
 [     2      2   8565   4980  67298    131  38102   1215]
 [     2      1   4484  14399  24708   3549  14235   1681]
 [     1      3 112151  29627  18148  16745   4948   8550]
 [     1      3  27167   2801   2128  13223     92   1902]
 [     1      3   3157   4888   2500   4477    273   2165]
 [     2      3    200  25862  19816    651   8773   6250]
 [     2      1  20782   5921   9212   1759   2568   1553]
 [     2      3  14531  15488  30243    437  14841   1867]
 [     1      3  34454   7435   8469   2540   1711   2893]
 [     1      3   1198   2602   8335    402   3843    303]
 [     2      3    630  11095  23998    787   9529     72]
 [     2      3  26373  36423  22019   5154   4337  16523]
 [     1      3   3043   1172   1763   2234    217    379]
 [     1      3  20049   1891   2362   5343    411    933]
 [     1      1  10379  17972   4748   4686   1547   3265]
 [     1      1  47493   2567   3779   5243    828   2253]
 [     1      3  15354   2102   2828   8366    386   1027]
 [     1      3  29703  12051  16027  13135    182   2204]
 [     1      3  11314   3090   2062  35009     71   2698]
 [     2      1  12119  28326  39694   4736  19410   2870]
 [     1      3  56159    555    902  10002    212   2916]
 [     1      1   5909  23527  13699  10155    830   3636]
 [     2      3  35942  38369  59598   3254  26701   2017]
 [     2      3     85  20959  45828     36  24231   1423]
 [     1      1   2344  10678   3828   1439   1566    490]
 [     1      3  12212    201    245   1991     25    860]
 [     2      3   4822   6721   9170    993   4973   3637]
 [     2      3   4591  15729  16709     33   6956    433]
 [     1      3   7769   1936   2177    926     73    520]
 [     2      3  22647   9776  13792   2915   4482   5778]
 [     2      3   4389  10940  10908    848   6728    993]
 [     1      3  43265   5025   8117   6312   1579  14351]
 [     1      3  56082   3504   8906  18028   1480   2498]
 [     2      3    117   6264  21203    228   8682   1111]
 [     1      3  12759   7330   4533   1752     20   2631]
 [     1      3  16731   3922   7994    688   2371    838]
 [     2      1   2532  16599  36486    179  13308    674]
 [     1      1   8040   3795   2070   6340    918    291]
 [     1      3  36817   3045   1493   4802    210   1824]
 [     2      3   4113  20484  25957   1158   8604   5206]
 [     1      3  18291   1266  21042   5373   4173  14472]
 [     1      3  30379  13252   5189    321     51   1450]
 [     1      3   4983   4859   6633  17866    912   2435]
 [     2      3   7362  12844  18683   2854   7883    553]
 [     2      3   1406  16729  28986    673    836      3]
 [     1      1  29526   7961  16966    432    363   1391]
 [     1      3   5963   3648   6192    425   1716    750]
 [     1      1    964   4984   3316    937    409      7]
 [     1      3  76237   3473   7102  16538    778    918]
 [     2      2   9759  25071  17645   1128  12408   1625]
 [     1      3  31012  16687   5429  15082    439   1163]
 [     1      3  21632   1318   2886    266    918    405]
 [     2      1   2362   6551  11364    913   5957    791]
 [     1      3  29729   4786   7326   6130    361   1083]
 [     2      3  22039   8384  34792     42  12591   4430]
 [     1      1  11686   2154   6824   3527    592    697]
 [     1      3    759  18664   1660   6114    536   4100]
 [     1      3  23632   6730   3842   8620    385    819]
 [     1      2    444    879   2060    264    290    259]
 [     2      3  24653   9465  12091    294   5058   2168]
 [     2      3  15168  10556  12477   1920   6506    714]
 [     2      3   4048   5164  10391    130    813    179]
 [     2      2  11223  14881  26839   1234   9606   1102]
 [     1      1  12680   3243   4157    660    761    786]
 [     1      3  31812   1433   1651    800    113   1440]
 [     1      2   2617   1188   5332   9584    573   1942]
 [     1      1  53205   4959   7336   3012    967    818]
 [     2      3   1689   6964  26316   1456  15469     37]
 [     2      3   1020   8816  12121    134   4508   1080]
 [     2      3  39679   3944   4955   1364    523   2235]
 [     2      3   4967  21412  28921   1798  13583   1163]
 [     1      1  30624   7209   4897  18711    763   2876]
 [     1      3  10683  21858  15400   3635    282   5120]
 [     1      1   1537   3748   5838   1859   3381    806]
 [     2      3   7057   9810   9568   1762   3293   1776]
 [     2      3   4098  29892  26866   2616  17740   1340]
 [     2      2   2137   3737  19172   1274  17120    142]
 [     1      2   9784    925   2405   4447    183    297]
 [     2      3    355   7704  14682    398   8077    303]
 [     2      1   5550  12729  16767    864  12420    797]
 [     2      2   2599   3688  13829    492  10069     59]
 [     2      3     37   1275  22272    137   6747    110]
 [     1      3   3366   2884   2431    977    167   1104]
 [     2      3  21217   6208  14982   3095   6707    602]
 [     2      2   5283  13316  20399   1809   8752    172]]
approx kpp = [[1.0000e+00 2.0000e+00 4.4400e+02 8.7900e+02 2.0600e+03 2.6400e+02
  2.9000e+02 2.5900e+02]
 [1.0000e+00 1.0000e+00 6.3730e+03 7.8000e+02 9.5000e+02 8.7800e+02
  2.8800e+02 2.8500e+02]
 [1.0000e+00 1.0000e+00 3.1910e+03 1.9930e+03 1.7990e+03 1.7300e+03
  2.3400e+02 7.1000e+02]
 [1.0000e+00 3.0000e+00 6.3000e+03 1.2890e+03 2.5910e+03 1.1700e+03
  1.9900e+02 3.2600e+02]
 [1.0000e+00 3.0000e+00 2.6470e+03 2.7610e+03 2.3130e+03 9.0700e+02
  9.5000e+01 1.8270e+03]
 [1.0000e+00 3.0000e+00 9.7850e+03 8.4800e+02 1.1720e+03 1.6770e+03
  2.0000e+02 4.0600e+02]
 [1.0000e+00 3.0000e+00 1.7773e+04 1.3660e+03 2.4740e+03 3.3780e+03
  8.1100e+02 4.1800e+02]
 [1.0000e+00 1.0000e+00 8.8850e+03 2.4280e+03 1.7770e+03 1.7770e+03
  4.3000e+02 6.1000e+02]
 [1.0000e+00 1.0000e+00 4.1550e+03 3.6700e+02 1.3900e+03 2.3060e+03
  8.6000e+01 1.3000e+02]
 [1.0000e+00 1.0000e+00 1.4755e+04 8.9900e+02 1.3820e+03 1.7650e+03
  5.6000e+01 7.4900e+02]
 [1.0000e+00 3.0000e+00 1.1635e+04 9.2200e+02 1.6140e+03 2.5830e+03
  1.9200e+02 1.0680e+03]
 [1.0000e+00 3.0000e+00 5.5670e+03 8.7100e+02 2.0100e+03 3.3830e+03
  3.7500e+02 5.6900e+02]
 [1.0000e+00 3.0000e+00 1.4903e+04 2.0320e+03 2.4790e+03 5.7600e+02
  9.5500e+02 3.2800e+02]
 [1.0000e+00 1.0000e+00 9.6400e+02 4.9840e+03 3.3160e+03 9.3700e+02
  4.0900e+02 7.0000e+00]
 [2.0000e+00 1.0000e+00 2.4270e+03 7.0970e+03 1.0391e+04 1.1270e+03
  4.3140e+03 1.4680e+03]
 [1.0000e+00 3.0000e+00 2.2335e+04 1.1960e+03 2.4060e+03 2.0460e+03
  1.0100e+02 5.5800e+02]
 [1.0000e+00 3.0000e+00 1.1173e+04 2.5210e+03 3.3550e+03 1.5170e+03
  3.1000e+02 2.2200e+02]
 [1.0000e+00 3.0000e+00 1.1535e+04 1.6660e+03 1.4280e+03 6.8380e+03
  6.4000e+01 7.4300e+02]
 [1.0000e+00 1.0000e+00 8.6560e+03 2.7460e+03 2.5010e+03 6.8450e+03
  6.9400e+02 9.8000e+02]
 [1.0000e+00 3.0000e+00 5.2640e+03 3.6830e+03 5.0050e+03 1.0570e+03
  2.0240e+03 1.1300e+03]
 [1.0000e+00 1.0000e+00 2.4929e+04 1.8010e+03 2.4750e+03 2.2160e+03
  4.1200e+02 1.0470e+03]
 [2.0000e+00 3.0000e+00 7.5790e+03 4.9560e+03 9.4260e+03 1.6690e+03
  3.3210e+03 2.5660e+03]
 [1.0000e+00 2.0000e+00 1.1820e+03 3.0880e+03 6.1140e+03 9.7800e+02
  8.2100e+02 1.6370e+03]
 [2.0000e+00 2.0000e+00 8.0900e+03 3.1990e+03 6.9860e+03 1.4550e+03
  3.7120e+03 5.3100e+02]
 [2.0000e+00 1.0000e+00 1.0730e+03 9.6790e+03 1.5445e+04 6.1000e+01
  5.9800e+03 1.2650e+03]
 [2.0000e+00 3.0000e+00 2.8610e+03 6.5700e+03 9.6180e+03 9.3000e+02
  4.0040e+03 1.6820e+03]
 [2.0000e+00 3.0000e+00 1.7063e+04 4.8470e+03 9.0530e+03 1.0310e+03
  3.4150e+03 1.7840e+03]
 [1.0000e+00 3.0000e+00 2.0049e+04 1.8910e+03 2.3620e+03 5.3430e+03
  4.1100e+02 9.3300e+02]
 [1.0000e+00 3.0000e+00 2.8380e+03 3.0860e+03 4.3290e+03 3.8380e+03
  8.2500e+02 1.0600e+03]
 [1.0000e+00 1.0000e+00 1.1210e+04 3.5760e+03 5.1190e+03 5.6100e+02
  1.6820e+03 2.3980e+03]
 [2.0000e+00 3.0000e+00 1.2238e+04 7.1080e+03 6.2350e+03 1.0930e+03
  2.3280e+03 2.0790e+03]
 [1.0000e+00 3.0000e+00 1.9176e+04 3.0650e+03 5.9560e+03 2.0330e+03
  2.5750e+03 2.8020e+03]
 [1.0000e+00 3.0000e+00 1.6705e+04 2.0370e+03 3.2020e+03 1.0643e+04
  1.1600e+02 1.3650e+03]
 [1.0000e+00 1.0000e+00 1.5370e+03 3.7480e+03 5.8380e+03 1.8590e+03
  3.3810e+03 8.0600e+02]
 [2.0000e+00 2.0000e+00 6.4680e+03 1.2867e+04 2.1570e+04 1.8400e+03
  7.5580e+03 1.5430e+03]
 [2.0000e+00 2.0000e+00 3.9960e+03 1.1103e+04 1.2469e+04 9.0200e+02
  5.9520e+03 7.4100e+02]
 [1.0000e+00 3.0000e+00 4.0254e+04 6.4000e+02 3.6000e+03 1.0420e+03
  4.3600e+02 1.8000e+01]
 [2.0000e+00 3.0000e+00 1.0362e+04 9.2320e+03 1.1009e+04 7.3700e+02
  3.5370e+03 2.3420e+03]
 [2.0000e+00 1.0000e+00 3.0620e+03 6.1540e+03 1.3916e+04 2.3000e+02
  8.9330e+03 2.7840e+03]
 [1.0000e+00 3.0000e+00 1.3134e+04 9.3470e+03 1.4316e+04 3.1410e+03
  5.0790e+03 1.8940e+03]
 [2.0000e+00 3.0000e+00 1.2100e+03 1.0044e+04 2.2294e+04 1.7410e+03
  1.2638e+04 3.1370e+03]
 [1.0000e+00 3.0000e+00 3.0470e+03 5.9700e+03 4.9100e+03 2.1980e+03
  8.5000e+02 3.1700e+02]
 [1.0000e+00 3.0000e+00 2.5066e+04 5.0100e+03 5.0260e+03 9.8060e+03
  1.0920e+03 9.6000e+02]
 [2.0000e+00 3.0000e+00 2.4653e+04 9.4650e+03 1.2091e+04 2.9400e+02
  5.0580e+03 2.1680e+03]
 [1.0000e+00 3.0000e+00 2.9955e+04 4.3620e+03 5.4280e+03 1.7290e+03
  8.6200e+02 4.6260e+03]
 [1.0000e+00 3.0000e+00 4.9063e+04 3.9650e+03 4.2520e+03 5.9700e+03
  1.0410e+03 1.4040e+03]
 [2.0000e+00 3.0000e+00 4.9670e+03 2.1412e+04 2.8921e+04 1.7980e+03
  1.3583e+04 1.1630e+03]
 [2.0000e+00 3.0000e+00 3.5942e+04 3.8369e+04 5.9598e+04 3.2540e+03
  2.6701e+04 2.0170e+03]
 [2.0000e+00 3.0000e+00 1.2669e+04 9.6560e+03 7.5610e+03 2.1400e+02
  2.6740e+03 1.3380e+03]
 [2.0000e+00 3.0000e+00 7.0570e+03 9.8100e+03 9.5680e+03 1.7620e+03
  3.2930e+03 1.7760e+03]
 [2.0000e+00 3.0000e+00 6.3530e+03 8.8080e+03 7.6840e+03 2.4050e+03
  3.5160e+03 7.8440e+03]
 [1.0000e+00 3.0000e+00 1.3265e+04 1.1960e+03 4.2210e+03 6.4040e+03
  5.0700e+02 1.7880e+03]
 [2.0000e+00 3.0000e+00 2.2615e+04 5.4100e+03 7.1980e+03 3.9150e+03
  1.7770e+03 5.1850e+03]
 [2.0000e+00 3.0000e+00 9.4130e+03 8.2590e+03 5.1260e+03 6.6600e+02
  1.7950e+03 1.4510e+03]
 [2.0000e+00 3.0000e+00 1.2126e+04 3.1990e+03 6.9750e+03 4.8000e+02
  3.1400e+03 5.4500e+02]
 [1.0000e+00 3.0000e+00 5.9630e+03 3.6480e+03 6.1920e+03 4.2500e+02
  1.7160e+03 7.5000e+02]
 [2.0000e+00 3.0000e+00 6.0060e+03 1.1093e+04 1.8881e+04 1.1590e+03
  7.4250e+03 2.0980e+03]
 [2.0000e+00 3.0000e+00 3.3660e+03 5.4030e+03 1.2974e+04 4.4000e+03
  5.9770e+03 1.7440e+03]
 [2.0000e+00 3.0000e+00 1.3146e+04 1.1240e+03 4.5230e+03 1.4200e+03
  5.4900e+02 4.9700e+02]
 [2.0000e+00 3.0000e+00 3.1714e+04 1.2319e+04 1.1757e+04 2.8700e+02
  3.8810e+03 2.9310e+03]
 [2.0000e+00 3.0000e+00 2.1217e+04 6.2080e+03 1.4982e+04 3.0950e+03
  6.7070e+03 6.0200e+02]
 [1.0000e+00 3.0000e+00 1.0253e+04 1.1140e+03 3.8210e+03 3.9700e+02
  9.6400e+02 4.1200e+02]
 [2.0000e+00 3.0000e+00 1.0200e+03 8.8160e+03 1.2121e+04 1.3400e+02
  4.5080e+03 1.0800e+03]
 [1.0000e+00 3.0000e+00 5.8760e+03 6.1570e+03 2.9330e+03 8.3900e+02
  3.7000e+02 4.4780e+03]
 [2.0000e+00 3.0000e+00 1.8601e+04 6.3270e+03 1.0099e+04 2.2050e+03
  2.7670e+03 3.1810e+03]
 [1.0000e+00 3.0000e+00 7.7800e+03 2.4950e+03 9.4640e+03 6.6900e+02
  2.5180e+03 5.0100e+02]
 [2.0000e+00 3.0000e+00 1.7546e+04 4.5190e+03 4.6020e+03 1.0660e+03
  2.2590e+03 2.1240e+03]
 [1.0000e+00 3.0000e+00 3.1276e+04 1.9170e+03 4.4690e+03 9.4080e+03
  2.3810e+03 4.3340e+03]
 [2.0000e+00 3.0000e+00 2.6373e+04 3.6423e+04 2.2019e+04 5.1540e+03
  4.3370e+03 1.6523e+04]
 [2.0000e+00 3.0000e+00 2.2647e+04 9.7760e+03 1.3792e+04 2.9150e+03
  4.4820e+03 5.7780e+03]
 [2.0000e+00 3.0000e+00 1.6165e+04 4.2300e+03 7.5950e+03 2.0100e+02
  4.0030e+03 5.7000e+01]
 [1.0000e+00 3.0000e+00 9.8980e+03 9.6100e+02 2.8610e+03 3.1510e+03
  2.4200e+02 8.3300e+02]
 [1.0000e+00 3.0000e+00 1.4276e+04 8.0300e+02 3.0450e+03 4.8500e+02
  1.0000e+02 5.1800e+02]
 [2.0000e+00 3.0000e+00 4.1130e+03 2.0484e+04 2.5957e+04 1.1580e+03
  8.6040e+03 5.2060e+03]
 [1.0000e+00 3.0000e+00 4.3088e+04 2.1000e+03 2.6090e+03 1.2000e+03
  1.1070e+03 8.2300e+02]
 [1.0000e+00 3.0000e+00 1.8815e+04 3.6100e+03 1.1107e+04 1.1480e+03
  2.1340e+03 2.9630e+03]
 [1.0000e+00 3.0000e+00 2.6120e+03 4.3390e+03 3.1330e+03 2.0880e+03
  8.2000e+02 9.8500e+02]
 [1.0000e+00 3.0000e+00 2.1632e+04 1.3180e+03 2.8860e+03 2.6600e+02
  9.1800e+02 4.0500e+02]
 [1.0000e+00 3.0000e+00 2.9729e+04 4.7860e+03 7.3260e+03 6.1300e+03
  3.6100e+02 1.0830e+03]
 [1.0000e+00 3.0000e+00 1.5020e+03 1.9790e+03 2.2620e+03 4.2500e+02
  4.8300e+02 3.9500e+02]
 [2.0000e+00 3.0000e+00 6.8800e+02 5.4910e+03 1.1091e+04 8.3300e+02
  4.2390e+03 4.3600e+02]
 [2.0000e+00 3.0000e+00 1.5168e+04 1.0556e+04 1.2477e+04 1.9200e+03
  6.5060e+03 7.1400e+02]
 [2.0000e+00 3.0000e+00 4.5910e+03 1.5729e+04 1.6709e+04 3.3000e+01
  6.9560e+03 4.3300e+02]
 [1.0000e+00 3.0000e+00 5.6159e+04 5.5500e+02 9.0200e+02 1.0002e+04
  2.1200e+02 2.9160e+03]
 [1.0000e+00 3.0000e+00 2.4025e+04 4.3320e+03 4.7570e+03 9.5100e+03
  1.1450e+03 5.8640e+03]
 [2.0000e+00 3.0000e+00 1.0850e+04 7.5550e+03 1.4961e+04 1.8800e+02
  6.8990e+03 4.6000e+01]
 [2.0000e+00 3.0000e+00 6.3000e+02 1.1095e+04 2.3998e+04 7.8700e+02
  9.5290e+03 7.2000e+01]
 [2.0000e+00 3.0000e+00 9.6700e+03 7.0270e+03 1.0471e+04 5.4100e+02
  4.6180e+03 6.5000e+01]
 [2.0000e+00 3.0000e+00 5.1810e+03 2.2044e+04 2.1531e+04 1.7400e+03
  7.3530e+03 4.9850e+03]
 [2.0000e+00 3.0000e+00 3.1030e+03 1.4069e+04 2.1955e+04 1.6680e+03
  6.7920e+03 1.4520e+03]
 [2.0000e+00 3.0000e+00 4.4466e+04 5.4259e+04 5.5571e+04 7.7820e+03
  2.4171e+04 6.4650e+03]
 [2.0000e+00 3.0000e+00 1.1519e+04 6.1520e+03 1.0868e+04 5.8400e+02
  5.1210e+03 1.4760e+03]
 [1.0000e+00 3.0000e+00 6.2690e+03 1.0950e+03 1.9800e+03 3.8600e+03
  6.0900e+02 2.1620e+03]
 [1.0000e+00 3.0000e+00 3.3470e+03 4.0510e+03 6.9960e+03 2.3900e+02
  1.5380e+03 3.0100e+02]
 [2.0000e+00 3.0000e+00 4.0721e+04 3.9160e+03 5.8760e+03 5.3200e+02
  2.5870e+03 1.2780e+03]
 [2.0000e+00 3.0000e+00 4.9100e+02 1.0473e+04 1.1532e+04 7.4400e+02
  5.6110e+03 2.2400e+02]
 [1.0000e+00 3.0000e+00 2.7329e+04 1.4490e+03 1.9470e+03 2.4360e+03
  2.0400e+02 1.3330e+03]
 [2.0000e+00 3.0000e+00 4.0980e+03 2.9892e+04 2.6866e+04 2.6160e+03
  1.7740e+04 1.3400e+03]
 [2.0000e+00 3.0000e+00 5.4170e+03 9.9330e+03 1.0487e+04 3.8000e+01
  7.5720e+03 1.2820e+03]
 [1.0000e+00 3.0000e+00 1.3779e+04 1.9700e+03 1.6480e+03 5.9600e+02
  2.2700e+02 4.3600e+02]]
======Testing of K means criterion=========
Algorithm 1: 67365685.45681818
Scikit k++: 9021338.64090909
Algorithm 3: 54489050.304545455
=====TESTING data for k = 150 =====
kp = [array([   1,    3, 7388, 1882, 2174,  720,   47,  537]), array([   1,    1, 8040, 3795, 2070, 6340,  918,  291]), array([    1,     3, 11693,  2317,  2543,  5845,   274,  1409]), array([   1,    3, 1198, 2602, 8335,  402, 3843,  303]), array([    1,     3,   759, 18664,  1660,  6114,   536,  4100]), array([   1,    3, 7388, 1882, 2174,  720,   47,  537]), array([   1,    3, 1502, 1979, 2262,  425,  483,  395]), array([    2,     3, 12205, 12697, 28540,   869, 12034,  1009]), array([    1,     1,  2806, 10765, 15538,  1374,  5828,  2388]), array([   1,    3,  255, 5758, 5923,  349, 4595, 1328]), array([   1,    3, 9602, 1316, 1263, 2921,  841,  290]), array([   1,    1, 5041, 1115, 2856, 7496,  256,  375]), array([    2,     3, 15615, 12653, 19858,  4425,  7108,  2379]), array([    1,     3, 37036,  7152,  8253,  2995,    20,     3]), array([    1,     1, 18044,  1475,  2046,  2532,   130,  1158]), array([    2,     3,  5531, 15726, 26870,  2367, 13726,   446]), array([   1,    2, 6987, 1020, 3007,  416,  257,  656]), array([    1,     2, 10617,  1795,  7647,  1483,   857,  1233]), array([    1,     2, 13970,  1511,  1330,   650,   146,   778]), array([    1,     3, 11693,  2317,  2543,  5845,   274,  1409]), array([   1,    2, 5113, 1486, 4583, 5127,  492,  739]), array([   1,    3, 3043, 1172, 1763, 2234,  217,  379]), array([   1,    3,    3, 2920, 6252,  440,  223,  709]), array([   1,    3,    3, 2920, 6252,  440,  223,  709]), array([    1,     3, 22335,  1196,  2406,  2046,   101,   558]), array([    2,     3,  1689,  6964, 26316,  1456, 15469,    37]), array([   1,    3, 5567,  871, 2010, 3383,  375,  569]), array([   1,    3, 3521, 1099, 1997, 1796,  173,  995]), array([    1,     3, 10405,  1596,  1096,  8425,   399,   318]), array([    1,     3, 49063,  3965,  4252,  5970,  1041,  1404]), array([    1,     3, 25606, 11006,  4604,   127,   632,   288]), array([    1,     1, 53205,  4959,  7336,  3012,   967,   818]), array([    2,     3,    37,  1275, 22272,   137,  6747,   110]), array([    1,     3, 17023,  5139,  5230,  7888,   330,  1755]), array([   1,    3, 5509, 1461, 2251,  547,  187,  409]), array([    1,     2, 16933,  2209,  3389,  7849,   210,  1534]), array([   1,    1, 8475, 1931, 1883, 5004, 3593,  987]), array([   1,    3,  190,  727, 2012,  245,  184,  127]), array([    2,     3, 16165,  4230,  7595,   201,  4003,    57]), array([   1,    3, 3043, 1172, 1763, 2234,  217,  379]), array([    2,     3,  1406, 16729, 28986,   673,   836,     3]), array([   1,    3, 3009,  521,  854, 3470,  949,  727]), array([   1,    1,  583,  685, 2216,  469,  954,   18]), array([    2,     1, 20782,  5921,  9212,  1759,  2568,  1553]), array([   1,    3, 3087, 8080, 8282,  661,  721,   36]), array([   1,    3, 1198, 2602, 8335,  402, 3843,  303]), array([    1,     3, 20398,  1137,     3,  4407,     3,   975]), array([    2,     3, 16117, 46197, 92780,  1026, 40827,  2944]), array([   1,    3, 3043, 1172, 1763, 2234,  217,  379]), array([    1,     1, 11686,  2154,  6824,  3527,   592,   697]), array([    2,     1,  5550, 12729, 16767,   864, 12420,   797]), array([   1,    2,  542,  899, 1664,  414,   88,  522]), array([    2,     2, 11223, 14881, 26839,  1234,  9606,  1102]), array([    1,     3, 68951,  4411, 12609,  8692,   751,  2406]), array([    2,     3, 27380,  7184, 12311,  2809,  4621,  1022]), array([   1,    3,    9, 1534, 7417,  175, 3468,   27]), array([    1,     3, 37036,  7152,  8253,  2995,    20,     3]), array([    1,     1,  2806, 10765, 15538,  1374,  5828,  2388]), array([    2,     3,  1420, 10810, 16267,  1593,  6766,  1838]), array([    1,     1, 22096,  3575,  7041, 11422,   343,  2564]), array([    1,     1, 18567,  1895,  1393,  1801,   244,  2100]), array([    1,     3, 12212,   201,   245,  1991,    25,   860]), array([   1,    3, 4020, 3234, 1498, 2395,  264,  255]), array([    1,     3, 45640,  6958,  6536,  7368,  1532,   230]), array([    1,     2,  7034,  1492,  2405, 12569,   299,  1117]), array([   1,    2, 9790, 1786, 5109, 3570,  182, 1043]), array([    1,     2, 22321,  3216,  1447,  2208,   178,  2602]), array([   1,    3, 9434, 1042, 1235,  436,  256,  396]), array([    2,     3, 16165,  4230,  7595,   201,  4003,    57]), array([    1,     1, 13569,   346,   489,  2077,    44,   659]), array([    1,     1, 15218,   258,  1138,  2516,   333,   204]), array([    2,     1,  3062,  6154, 13916,   230,  8933,  2784]), array([    2,     3, 13146,  1124,  4523,  1420,   549,   497]), array([    2,     3, 19899,  5332,  8713,  8132,   764,   648]), array([   1,    3, 4625, 8579, 7030, 4575, 2447, 1542]), array([    1,     3, 18827,  3677,  1988,   118,   516,   201]), array([   1,    3, 5924,  584,  542, 4052,  283,  434]), array([    1,     3,   694,  8533, 10518,   443,  6907,   156]), array([    1,     1, 30624,  7209,  4897, 18711,   763,  2876]), array([    2,     1,  2532, 16599, 36486,   179, 13308,   674]), array([    2,     1,  3062,  6154, 13916,   230,  8933,  2784]), array([    1,     1, 23257,  1372,  1677,   982,   429,   655]), array([    1,     3, 49063,  3965,  4252,  5970,  1041,  1404]), array([    2,     2, 16823,   928,  2743, 11559,   332,  3486]), array([    1,     2, 13970,  1511,  1330,   650,   146,   778]), array([   2,    3, 5224, 7603, 8584, 2540, 3674,  238]), array([   1,    3, 3157, 4888, 2500, 4477,  273, 2165]), array([    1,     3, 14276,   803,  3045,   485,   100,   518]), array([    1,     3, 15587,  1014,  3970,   910,   139,  1378]), array([    1,     1, 22096,  3575,  7041, 11422,   343,  2564]), array([    1,     3, 30379, 13252,  5189,   321,    51,  1450]), array([   1,    2,  542,  899, 1664,  414,   88,  522]), array([   1,    3,  140, 8847, 3823,  142, 1062,    3]), array([    1,     3, 11314,  3090,  2062, 35009,    71,  2698]), array([    2,     3, 11594,  7779, 12144,  3252,  8035,  3029]), array([    1,     3, 12356,  6036,  8887,   402,  1382,  2794]), array([   1,    3, 2438, 8002, 9819, 6269, 3459,    3]), array([   2,    3, 2932, 6459, 7677, 2561, 4573, 1386]), array([   1,    3, 9658, 2182, 1909, 5639,  215,  323]), array([   1,    3,  140, 8847, 3823,  142, 1062,    3]), array([    2,     3,  1406, 16729, 28986,   673,   836,     3]), array([   2,    3, 7579, 4956, 9426, 1669, 3321, 2566]), array([    1,     2, 13970,  1511,  1330,   650,   146,   778]), array([    2,     3, 11519,  6152, 10868,   584,  5121,  1476]), array([    1,     2, 29635,  2335,  8280,  3046,   371,   117]), array([   2,    3, 7579, 4956, 9426, 1669, 3321, 2566]), array([    2,     1,  2362,  6551, 11364,   913,  5957,   791]), array([   1,    1, 5041, 1115, 2856, 7496,  256,  375]), array([    1,     3, 11002,  7075,  4945,  1152,   120,   395]), array([    1,     3, 18840,  1371,  3135,  3001,   352,   184]), array([    2,     3, 21217,  6208, 14982,  3095,  6707,   602]), array([   1,    3, 5809,  735,  803, 1393,   79,  429]), array([    2,     3,  5181, 22044, 21531,  1740,  7353,  4985]), array([    1,     2, 17327,  2374,  2842,  1149,   351,   925]), array([    1,     3, 27901,  3749,  6964,  4479,   603,  2503]), array([    2,     3,  5626, 12220, 11323,   206,  5038,   244]), array([    2,     3,  4967, 21412, 28921,  1798, 13583,  1163]), array([    2,     3,  8797, 10646, 14886,  2471,  8969,  1438]), array([   1,    3, 3463, 9250, 2368,  779,  302, 1627]), array([    1,     1, 12680,  3243,  4157,   660,   761,   786]), array([    2,     3,    85, 20959, 45828,    36, 24231,  1423]), array([    2,     1, 12119, 28326, 39694,  4736, 19410,  2870]), array([    1,     1, 15603,  2703,  3833,  4260,   325,  2563]), array([    1,     2, 29635,  2335,  8280,  3046,   371,   117]), array([    2,     3,  2343,  7845, 11874,    52,  4196,  1697]), array([    1,     3, 11405,   596,  1638,  3347,    69,   360]), array([  1,   3, 403, 254, 610, 774,  54,  63]), array([    2,     2,   161,  7460, 24773,   617, 11783,  2410]), array([    1,     1, 18567,  1895,  1393,  1801,   244,  2100]), array([    1,     3, 16260,   594,  1296,   848,   445,   258]), array([    2,     3, 31714, 12319, 11757,   287,  3881,  2931]), array([   1,    3, 1289, 3328, 2022,  531,  255, 1774]), array([   1,    3, 5414,  717, 2155, 2399,   69,  750]), array([    2,     2,  3996, 11103, 12469,   902,  5952,   741]), array([    1,     3, 10253,  1114,  3821,   397,   964,   412]), array([   2,    1, 2541, 4737, 6089, 2946, 5316,  120]), array([    1,     1, 56083,  4563,  2124,  6422,   730,  3321]), array([    1,     3, 18815,  3610, 11107,  1148,  2134,  2963]), array([    2,     3, 24653,  9465, 12091,   294,  5058,  2168]), array([    1,     3, 20049,  1891,  2362,  5343,   411,   933]), array([   1,    3, 3366, 2884, 2431,  977,  167, 1104]), array([   1,    1, 6623, 1860, 4740, 7683,  205, 1693]), array([    1,     1, 23257,  1372,  1677,   982,   429,   655]), array([    1,     3, 16936,  6250,  1981,  7332,   118,    64]), array([   1,    1, 3191, 1993, 1799, 1730,  234,  710]), array([   1,    1,  583,  685, 2216,  469,  954,   18]), array([   1,    3, 7149, 2247, 1242, 1619, 1226,  128]), array([    1,     3, 16225,  1825,  1765,   853,   170,  1067]), array([   1,    3, 7780, 2495, 9464,  669, 2518,  501]), array([    2,     1,  2427,  7097, 10391,  1127,  4314,  1468])]
kpp = [[    2     3  7842 ...  1691  3540  1874]
 [    2     2 16448 ...   824  2662  2005]
 [    2     1  2532 ...   179 13308   674]
 ...
 [    1     3 25606 ...   127   632   288]
 [    2     3  3136 ...  5641  4666  1426]
 [    1     1  1869 ...   950  4762   203]]
approx kpp = [[1.0000e+00 2.0000e+00 4.4400e+02 ... 2.6400e+02 2.9000e+02 2.5900e+02]
 [1.0000e+00 2.0000e+00 6.9870e+03 ... 4.1600e+02 2.5700e+02 6.5600e+02]
 [1.0000e+00 3.0000e+00 6.2110e+03 ... 1.0890e+03 4.1000e+01 2.9600e+02]
 ...
 [1.0000e+00 3.0000e+00 8.3520e+03 ... 7.7900e+02 6.5600e+02 1.4400e+02]
 [1.0000e+00 3.0000e+00 1.8291e+04 ... 5.3730e+03 4.1730e+03 1.4472e+04]
 [1.0000e+00 3.0000e+00 4.4200e+03 ... 8.8720e+03 1.3210e+03 1.8100e+02]]
======Testing of K means criterion=========
Algorithm 1: 49360069.39090909
Scikit k++: 4933857.631818182
Algorithm 3: 44494252.79090909
